  4.105242554949928E-003
  0.202905566617824     
   1.21799433948284     
 -0.318223877318388     
  3.912387617222157E-002
  3.280026696481109E-002
  3.298178555272668E-002
 -0.154143070456707     
  0.158660406766426     
 -0.492260867754797     
 -0.570027228032742     
  4.993224684494091E-002
  9.456554686723795E-003
  2.909955386226937E-002
 -0.147407744644634     
  0.173586044892206     
 -0.559367866108679     
 -0.517415637895736     
  2.733424414238550E-002
  2.749726819142806E-002
  3.117849550064022E-002
 -0.151456596956558     
  0.160073515328476     
 -0.524577387986220     
 -0.519341872113363     
 -1.317574474144045E-003
  1.438285670549144E-002
  2.607051175330377E-002
 -0.134813053601944     
  0.142388897673578     
 -0.512208578149186     
 -0.521895760154703     
  3.997670350753024E-002
  4.165744351199097E-002
  2.948662236147304E-002
 -0.127652587762642     
  0.187432416058343     
 -0.366987720652062     
 -0.554919476638138     
  2.729437824387859E-002
  1.892535969761600E-002
  4.676644840119004E-002
 -0.143861959831473     
  0.168211599841227     
 -0.513859375506840     
 -0.562903585619405     
  2.627524077699439E-002
  2.103110450463697E-002
  4.389778363998609E-002
 -0.112556681206031     
  0.142401945042662     
 -0.444358687323027     
 -0.464082238360030     
  1.264671296382103E-002
  5.075578488587318E-002
  4.150764023231368E-002
 -0.170655374712032     
  0.160617220064456     
 -0.506287524812568     
 -0.544539182410426     
  1.858673620137774E-002
  2.927418726733655E-002
  1.358103298807556E-002
 -0.154514867344585     
  0.166832361465769     
 -0.535633594266853     
 -0.552465485508007     
  3.597851681804276E-002
  2.664982163860352E-002
  1.998793029080026E-002
 -0.149037935865915     
  0.173265045921119     
 -0.489259729307372     
 -0.471950296045590     
  3.015900311513975E-002
  1.694136593517892E-002
  3.517244414325937E-002
  0.138990276096890     
  0.137191768341066     
   2.33723361116086     
   2.24882649119023     
  3.225309665086162E-002
  6.338068361135007E-002
  4.232463513874063E-002
 -0.141624154313589     
  0.140923129171221     
 -0.549172152778096     
 -0.510441747868387     
  4.419529211584350E-002
  3.218445586565255E-002
  3.043360860644340E-002
 -0.155489569707639     
  0.148279589039916     
 -0.526009521945009     
 -0.566801437571210     
  3.564105380844695E-002
  3.106385409701695E-002
  3.476138431323816E-002
 -0.164773171778915     
  0.202621671556140     
 -0.431246041860243     
 -0.434583923581540     
  4.646453335427825E-002
  2.807866079715904E-002
  2.048164732784019E-002
 -0.168893319698824     
  0.154223957556930     
 -0.527755645151256     
 -0.523880747408336     
  2.548982984796255E-002
  3.555104426667133E-002
  1.791604295164895E-002
 -0.163498505762331     
  0.155092969123613     
 -0.578303184799188     
 -0.483548293241851     
  2.296825719702811E-002
  1.444287688997559E-002
  4.523053898101626E-002
 -0.138441515746893     
  0.154969657137873     
 -0.522654061595925     
 -0.552665821774315     
  2.638154997850606E-002
  3.140169599497744E-002
  1.177657960398293E-002
 -0.143932539343101     
  0.138763689238586     
 -0.543673522085224     
 -0.526793467976912     
  5.125506792223256E-002
  3.112753972498128E-002
  3.294807359028895E-002
 -0.131591188103462     
  0.198276441323238     
 -0.396792078803735     
 -0.412095166849420     
  3.856519741146225E-002
  3.826494758507426E-002
  4.251885654026810E-002
 -0.144239844761769     
  0.189313377076649     
 -0.486344900458165     
 -0.493874192081233     
  2.269245806755649E-002
  3.306616717622612E-002
  4.632756206627586E-002
 -0.149699954074459     
  0.183692851057919     
 -0.480320830190218     
 -0.494889302973700     
  3.473606862667278E-002
  3.112918458248914E-002
  3.124822519224613E-002
 -0.130073809921357     
  0.168863252742336     
 -0.432893970016633     
 -0.534519976869865     
  4.002204665637255E-002
  5.128397456308253E-002
  3.464702307890843E-002
 -0.125156118086874     
  0.169657911678729     
 -0.433167932670158     
 -0.488088003285746     
  4.921227328422084E-002
  4.513478661399906E-002
  3.079769905587149E-002
 -0.143799251852758     
  0.157849308935940     
 -0.585798894813760     
 -0.496308071159766     
  1.975441308736747E-002
  2.529256542047786E-002
  3.471987965552625E-002
 -0.136829448766607     
  0.158062627110016     
 -0.523946879460879     
 -0.533029307773180     
  1.099474849136972E-003
  3.662040457069005E-002
  1.576809772088672E-002
 -0.137647758407384     
  0.184159870509053     
 -0.533189158065167     
 -0.410772782536885     
  5.125442664670887E-002
  2.732468358187046E-002
  3.419267468309006E-002
 -0.122047557260161     
  0.193115391218300     
 -0.471898580528312     
 -0.390188915169773     
  4.452664925456051E-002
  3.032257343778610E-002
  6.088007178622390E-002
 -0.118582864784524     
  0.191365503229882     
 -0.439262503311383     
 -0.439934715859599     
  4.360453129376085E-002
  4.124576176390637E-002
  3.896589348501600E-002
  0.199468804782613     
  0.162026718264724     
   2.22999005863511     
   2.17927835925872     
  5.836337701216521E-002
  3.992578408221914E-002
  5.118298915356068E-002
 -0.166088906305318     
  0.160974225065183     
 -0.552311835471979     
 -0.510073766051827     
  4.587248688548795E-002
  2.323987002358596E-002
  2.229852219317952E-002
 -0.156063033877657     
  0.159176465213803     
 -0.405576106648443     
 -0.498720954509983     
  2.238327407510055E-002
  3.986919476678130E-002
  2.955121316567477E-002
 -0.144996361088009     
  0.143612654402462     
 -0.529444669806594     
 -0.434542627702423     
  2.617022313306394E-002
  2.616370832773185E-002
  1.925299862308483E-002
 -0.160552418426038     
  0.155943016777166     
 -0.411351198894424     
 -0.533674317566002     
  2.652520359624033E-002
  6.750554393544439E-003
  2.781651839751997E-002
 -0.137664737018138     
  0.155601564025116     
 -0.526615253330408     
 -0.565276697643089     
  3.237587678937615E-002
  3.542691939160902E-002
  2.950826189746503E-002
 -0.157999109710777     
  0.200789252047738     
 -0.426442258729476     
 -0.478532842935619     
  6.650405544466831E-003
  3.284442829101708E-002
  2.503341726801178E-002
 -0.155374804718142     
  0.169509158428574     
 -0.530613411086723     
 -0.401872585321962     
  2.646393339972819E-002
  2.189589062143826E-002
  3.367650689161794E-002
 -0.149248986180575     
  0.150072595783176     
 -0.537005836610517     
 -0.514210784568705     
  3.177671634940082E-002
  3.319558990309490E-002
  2.759493752987985E-002
  0.148982894724368     
  0.129721478128893     
   2.32636898235053     
   2.26328316969328     
  4.756008900032926E-002
  4.147959221903896E-002
  4.600116936233245E-002
 -0.138602302678064     
  0.163138518689856     
 -0.496732855666353     
 -0.582554553114583     
  2.524168561118478E-002
  4.365034374862120E-002
  2.420305926323219E-002
 -0.176491167402959     
  0.185285833710608     
 -0.540994720693290     
 -0.434946904804440     
  2.352326795862059E-002
  3.981528588617655E-002
  2.163862313637444E-002
 -0.221854009627257     
  0.145351105007292     
 -0.467272455893653     
 -0.492535915815690     
  3.295910356151588E-002
  2.209500691391353E-002
  7.261219207217673E-003
 -0.159218953394980     
  0.168782800462856     
 -0.440094574075300     
 -0.507700167120277     
  2.395500280216989E-002
  1.409929645116359E-002
  3.840000320868331E-002
 -0.122594463358836     
  0.217111554362729     
 -0.367269089945566     
 -0.445858774836177     
  4.661277508991390E-002
  3.277384273998329E-002
  1.988144614615339E-002
 -0.146486671596612     
  0.164208120971545     
 -0.450132719848299     
 -0.539877594114446     
  5.257300303728152E-002
  3.470631570591676E-002
  1.768418891937695E-002
 -0.163508755758150     
  0.164965113107550     
 -0.519237632458841     
 -0.560636834925011     
  2.147911618561726E-002
  3.640786701461507E-002
  2.452146616553341E-002
 -0.133301393953784     
  0.195681017388524     
 -0.420559965436444     
 -0.381370660964194     
  3.914857872917799E-002
  2.548175804036013E-002
  3.430424375121199E-002
 -0.144260978200888     
  0.171764522870647     
 -0.445256347962477     
 -0.514803618875675     
  3.459229147462628E-002
  3.021898847340998E-002
  4.441888220534074E-002
 -0.158632349648885     
  0.152891114706029     
 -0.511706433182225     
 -0.478661925522867     
  6.584174464072778E-003
  9.665084584237649E-003
  2.617349064663232E-002
 -0.173902203035592     
  0.206083425194513     
 -0.460276817820458     
 -0.445611178141521     
  2.309274809631712E-002
  1.910976880649884E-002
  2.473095525212299E-002
 -0.140456560449974     
  0.196763364552346     
 -0.430182543337981     
 -0.513900002523249     
  4.427752959339948E-002
  3.282278755131174E-002
  2.779471128802302E-002
 -0.149675057321435     
  0.145195459162783     
 -0.530976208232296     
 -0.524954495446251     
  2.307198753466189E-002
  2.574492649547522E-002
  3.211250324919090E-002
 -0.133357695065982     
  0.160689743415272     
 -0.534583013417701     
 -0.472148613991068     
  4.777947704048668E-002
  3.504433807800356E-002
  3.728826291233278E-002
 -0.161639032346067     
  0.145311699333496     
 -0.603875672304359     
 -0.453583319359320     
  2.102659789282535E-002
  3.653393946581440E-002
  2.898158752463553E-002
 -0.150538336065764     
  0.153950204997934     
 -0.498967152061523     
 -0.504082139505480     
  2.819126440624486E-002
  2.521186253841690E-002
  2.413618221290792E-002
 -0.155635439790525     
  0.141382837184536     
 -0.523488340607683     
 -0.526402440325696     
  3.409314407846520E-002
  3.548016056590986E-002
  2.727622189330303E-002
 -0.167255032160714     
  0.169971886557229     
 -0.496773760316202     
 -0.564985263084133     
  2.320251778596139E-002
  2.189689221425961E-002
  3.094499493577163E-002
 -0.137107544764793     
  0.203657868862877     
 -0.357937924669492     
 -0.385838692914990     
  3.522628674991080E-002
  3.240441577908493E-002
  3.937406320693815E-002
 -0.142257332015562     
  0.136398425861630     
 -0.506129672697996     
 -0.566250579125168     
  4.433283859620407E-002
  3.835735768389381E-002
  2.816866738677815E-002
 -0.191998983285858     
  0.145300379220393     
 -0.504715420019412     
 -0.488027240119941     
  2.638986004780308E-002
  3.269514405198837E-002
  9.772912567779679E-003
 -0.145815238156138     
  0.159210709394876     
 -0.524593321890828     
 -0.550472194173085     
  3.001561175032852E-002
  3.733871549174528E-002
  3.982782863881529E-002
 -0.165494680865230     
  0.166205109929757     
 -0.392779185748365     
 -0.544431827706263     
  3.072400383500784E-002
  2.261086749059871E-002
  3.859319302737607E-002
 -0.141709243561705     
  0.204800656589766     
 -0.402185015067835     
 -0.492755046660060     
  5.528299945322879E-002
  2.723044529745977E-002
  1.003579719439218E-002
 -0.138053901220912     
  0.212192397234714     
 -0.406861134638568     
 -0.393989659064248     
  2.967243520033269E-002
  4.147866403386091E-002
  4.871869925574113E-002
 -0.149602321104663     
  0.161971226244186     
 -0.553536978345062     
 -0.533960820036231     
  4.013790121121208E-002
  1.496533828306978E-002
  2.088329895602004E-002
 -0.155761216570227     
  0.177911155236278     
 -0.550375289925354     
 -0.529729931065405     
  1.714868458093799E-002
  2.178058303509889E-002
  3.283096562034205E-002
 -0.150301641052923     
  0.205567293875970     
 -0.435435820789617     
 -0.508349318897175     
  2.424215516558959E-002
  3.814557649717187E-002
  2.017914303732260E-002
 -0.131296797052455     
  0.161131959183844     
 -0.400776536625449     
 -0.549895939645014     
  3.512091766199610E-002
  1.962381494043630E-002
  2.673523368405617E-002
 -0.195819805666457     
  0.160642195229975     
 -0.524891999562692     
 -0.502542005700183     
  2.047278673213515E-002
  2.955204041614667E-002
  3.581899583448722E-002
 -0.138906298216256     
  0.150069953530226     
 -0.520748242393759     
 -0.586174153441844     
  4.819140691979562E-002
  2.451622405988674E-002
  4.536334890894755E-002
 -0.134819833751323     
  0.196535933670106     
 -0.480746716342850     
 -0.401130372080273     
  1.478929827690367E-002
  3.433022697142518E-002
  3.999259448629267E-002
 -0.134754574624524     
  0.174231479906586     
 -0.477205075863981     
 -0.403844668333231     
  5.094115888543493E-002
  3.629525617134521E-002
  2.742021333279865E-002
 -0.155870573046886     
  0.210230165818047     
 -0.440408906974652     
 -0.352433275239479     
  3.087043601533168E-002
  1.579506750137427E-002
  4.036199506076055E-002
  0.182866429135902     
  0.157041713863183     
   2.38301722627582     
   2.03140047210206     
  5.049766729107363E-002
  4.762344096572912E-002
  3.489606459677275E-002
 -0.138679461241346     
  0.138211961687660     
 -0.561257393776452     
 -0.511441651289255     
  3.147196935568020E-002
  2.707378156468987E-002
  3.970074679206770E-002
 -0.159927852974898     
  0.151028987832970     
 -0.490005916537354     
 -0.583681642355155     
  3.235625333766279E-002
  5.006491018408765E-002
  2.932773856592641E-002
 -0.117534628529220     
  0.134588531577466     
 -0.531584045469722     
 -0.526912107487417     
  3.638146942888598E-002
  1.528396381299146E-002
  3.909426875409638E-002
  0.129754919962428     
  0.136418813514662     
   1.72587736346238     
   1.99946185305194     
  4.697569218297215E-002
  5.914710137779533E-002
  5.591584200766841E-002
  0.147844639148533     
  0.165252562831427     
   1.32524561371746     
   1.21916833544871     
  4.742378781911039E-002
  4.289616590174794E-002
  5.586942314818422E-002
 -0.147802580057470     
  0.173469179955703     
 -0.527852599697310     
 -0.518797638563514     
  1.351240149266408E-002
  2.026153458593472E-002
  1.505621747269648E-002
 -0.138903088789294     
  0.170696916008168     
 -0.550999838705995     
 -0.493078657584465     
  4.362936807076589E-002
  2.542789832494030E-002
  3.835832444751797E-002
 -0.178195247435444     
  0.165360760887928     
 -0.432279353698751     
 -0.478811187216031     
  3.526002955268659E-002
  2.796524707815828E-002
  1.519245786302903E-002
 -0.151782310459385     
  0.181768605618886     
 -0.496784926705428     
 -0.400154895084594     
  4.369903231996219E-002
  2.442670226856103E-002
  2.306196646381142E-002
 -0.156157015707891     
  0.184469862670763     
 -0.528275664199574     
 -0.401148774537792     
  2.361492999447445E-002
  4.453175036580659E-002
  3.081944818432869E-002
  3.195873998121490E-002
  0.149370417346321     
  0.610421284429354     
   1.27010312348760     
  2.762771623219806E-002
  4.013238747429604E-002
  3.140762551497200E-002
 -0.148216496703743     
  0.159688113128059     
 -0.546249121591860     
 -0.522215834866310     
  4.267551339791065E-002
  1.780390804057008E-004
  2.713682691670261E-002
 -0.158125111433277     
  0.124833315833131     
 -0.516193068106204     
 -0.520325386162231     
  1.613342542026175E-002
  4.090612626645340E-002
  3.532915255333857E-002
 -0.182935438938633     
  0.199882071795406     
 -0.501793705430166     
 -0.439688659455095     
  5.926861801832439E-003
  4.245465330824838E-002
  1.172009659049600E-002
 -0.121824380461311     
  0.174309600928466     
 -0.373842083062330     
 -0.519727951432098     
  3.136263112673177E-002
  2.148037982086382E-002
  4.225163553156752E-002
 -0.147484698879354     
  0.155800829873125     
 -0.497802506326530     
 -0.550056925167007     
  3.986478987816322E-002
  2.854797652781471E-002
  9.245417629586417E-003
 -0.190787293523228     
  0.185556348582636     
 -0.518647894184173     
 -0.515248347177952     
  1.786195647462363E-002
  9.435879569008376E-003
  3.172016753524864E-002
 -0.153624308768697     
  0.186716928800687     
 -0.461173765392003     
 -0.411878221518385     
  4.535863667637352E-002
  1.918416644921017E-002
  1.242371951821108E-002
 -0.154194289639111     
  0.144901625902234     
 -0.543097532802737     
 -0.480135069036254     
  2.916964161185898E-002
  1.937784806543774E-002
  3.567850999592570E-002
 -0.142581056531319     
  0.154559700578944     
 -0.516323419624949     
 -0.543169647432815     
  2.931328015322165E-002
  1.598695357321778E-002
  2.551685423391736E-002
 -0.153704636229936     
  0.153003015814673     
 -0.539271299093579     
 -0.511400863935238     
  3.112443363816286E-002
  1.404082320445987E-002
  1.948529674576316E-002
 -0.131394604296809     
  0.142706851373275     
 -0.513345132206203     
 -0.575097270449356     
  3.720183944591027E-002
  2.871053123050571E-002
  3.232631888880100E-002
 -0.143731342850301     
  0.173475073180172     
 -0.392201876690578     
 -0.559972439605789     
  2.968304628189955E-002
  1.460083882085417E-002
  3.452178564610053E-002
 -0.148273711518980     
  0.151543014503262     
 -0.559420117932890     
 -0.503066735263815     
  4.134926078583556E-002
  3.698738520104494E-002
  3.013859479791936E-002
 -0.147224337755707     
  0.134083102240911     
 -0.531252084167924     
 -0.496196894454187     
  1.848526724447019E-003
  3.479101821111197E-002
  2.136226176747391E-002
 -0.134568566584825     
  0.206887692502578     
 -0.423470646422205     
 -0.406029484813624     
  4.165870910265668E-002
  3.081396847040019E-002
  4.258956614102027E-002
 -0.153843648611019     
  0.165417795880238     
 -0.509536261055709     
 -0.560239764055990     
  2.593036879974819E-002
  1.894599187072532E-002
  1.745987411193961E-002
 -0.104267392914282     
  0.176118099123617     
 -0.565291385988604     
 -0.493310262329575     
  5.072797424633513E-002
  2.895344746103123E-002
  4.160633957520288E-002
 -0.172373110896434     
  0.165277072089108     
 -0.495766684364806     
 -0.526792241358526     
  2.785107613181281E-002
  1.341478974193888E-002
  3.333789734710568E-002
 -0.161608023089156     
  0.154531957143219     
 -0.550510649036042     
 -0.494998296112880     
  3.591884072000517E-002
  2.193364948649479E-002
  3.190251078977635E-002
 -0.142547576536327     
  0.173021878564287     
 -0.547092395796541     
 -0.472279560182162     
  1.604538222505292E-002
  4.653815587979027E-002
  3.011581855825074E-002
 -0.188508949048620     
  0.179006826565650     
 -0.514855651979500     
 -0.497676010676625     
  2.843860673918164E-002
  2.909476698597302E-002
  1.322721400838789E-002
 -0.148218788710240     
  0.138947640895976     
 -0.576117061044792     
 -0.482870509771349     
  2.589208486681216E-002
  3.002329585646790E-002
  2.827033902191056E-002
 -0.159968954794692     
  0.180195849782111     
 -0.466456920082071     
 -0.413231111446042     
  2.136567678355805E-002
  2.945424110782580E-002
  1.313545187032084E-002
  4.693586643323888E-002
  0.105241330093385     
  4.916991635432422E-002
  8.174598523586940E-002
  7.265105153151152E-002
  4.971609657667297E-003
  6.298964003815533E-002
  6.685006841040453E-002
  7.731040783754495E-002
  8.829598438798936E-003
  5.905171163615985E-002
  5.062154631327609E-002
  5.636910284444563E-002
 -3.977980277411142E-003
  7.745590396002755E-002
  3.270834738518669E-002
  4.816326218468081E-002
  6.965614393242237E-002
  2.095871715452469E-002
 -0.169966255978054     
  0.157715862453634     
  1.947737255830262E-002
  8.348720451107461E-002
  5.768691484361599E-002
  6.134868069179589E-002
  6.201130670603816E-002
  2.140052019275407E-002
  4.751843504890318E-002
  7.161311326288811E-002
  6.549720047452801E-002
  4.272211208426224E-002
  5.273348932475130E-002
  6.621075916672758E-002
  6.719221757219385E-002
  4.335331337258896E-002
  5.937289800611811E-002
  3.505388614877802E-002
  3.577444215566894E-002
  3.476147418964126E-002
  3.079592188322455E-002
 -0.283506824098049     
  0.169640934378794     
  2.941549109161823E-002
  8.196717882342153E-002
  5.979807061286690E-002
  5.668175719475077E-002
  4.494984032355698E-002
  4.306484492908069E-002
  7.156906301172461E-002
  6.147798146328742E-002
  6.644058403055875E-002
 -4.947607086158712E-004
  7.604539038156433E-002
  6.422675419358637E-002
  7.852109656246054E-002
  5.515745126540939E-002
  3.717991697652012E-002
  5.819777846532559E-002
  2.206502892620898E-002
  2.224206058647227E-002
  7.010438809190889E-002
 -0.341782505882624     
  0.154292095111436     
 -9.930386230076849E-002
 -0.267278019067935     
  5.267233517065772E-002
  4.113474744928880E-002
  7.345411599128937E-002
 -0.162715121260739     
  2.726824141181017E-002
  5.816320241893658E-002
  5.974234761373076E-002
 -6.567967317754331E-002
  4.265557665056308E-002
  6.866868442852836E-002
  4.924087671391841E-002
 -0.428182126679158     
  3.606760658514230E-002
  7.779962850787747E-003
 -4.629177967445219E-002
  1.292045717453405E-002
  2.469563314928103E-002
 -0.273937167517126     
  0.165738295233318     
  2.779638886425362E-002
  0.110828650891438     
  6.802900373490905E-002
  7.169656626819121E-002
  8.996309934947044E-002
  1.631593197488135E-002
  8.208483306526393E-002
  5.030840541695714E-002
  6.649465945872468E-002
 -5.936408835001572E-003
  5.892994747039215E-002
  6.045275821696672E-002
  6.857394487698687E-002
 -1.903274713383141E-003
  5.034810078754770E-002
  5.347083033145072E-002
  1.257198802209469E-002
  5.501315820242147E-002
  3.604168300301602E-002
 -0.322359371935299     
  0.152678047643755     
  2.909752227358897E-002
  0.123180070697267     
  4.945078638873990E-002
  5.660171795205282E-002
  8.470947553628738E-002
  1.648386309336569E-002
  4.712897646729097E-002
  8.281288078955729E-002
  5.765974255521122E-002
  9.274060035901588E-003
  6.094616187585200E-002
  7.051194012480078E-002
  6.670394387342238E-002
  4.616424297633204E-002
  6.981125069855609E-002
  4.602273171384508E-002
  2.666744899066487E-002
  5.271875464627129E-002
  3.951490504858746E-002
 -0.217419464150363     
  0.146085023357186     
  3.721794564384906E-002
  9.228281933761195E-002
  7.780801364004719E-002
  4.892158509376487E-002
  6.263013379996440E-002
  7.744893851663104E-003
  3.806291825867802E-002
  6.362908698391223E-002
  8.756056637029586E-002
  1.686222339118482E-002
  4.348339517378297E-002
  7.762716421478510E-002
  7.144161714680186E-002
  3.327409771403866E-002
  4.464555675966886E-002
  6.154363034976029E-002
  6.068353343957167E-002
  4.971013608160479E-002
  2.193115902341525E-002
 -0.161716179842725     
  0.157060199312790     
  2.414613844654889E-002
  0.106358870441613     
  5.837659045695609E-002
  5.970860256466770E-002
  7.004883433852394E-002
  3.118955275502922E-002
  4.569499086711359E-002
  7.434865970972782E-002
  5.963731046356191E-002
  3.691138150259921E-002
  6.192026344287449E-002
  6.296552969416713E-002
  6.584189106054017E-002
  4.183009197330456E-002
  8.005709417635654E-002
  5.008716113243028E-002
  1.980122191869382E-002
  1.162178266278147E-002
  4.158608619975224E-002
 -0.183731092997610     
  0.151057730731103     
  1.343320403507331E-002
  8.596261079842105E-002
  5.988967540264123E-002
  8.269520236884087E-002
  4.904115046330138E-002
  3.108207006944852E-002
  7.553385606115692E-002
  5.009885936947289E-002
  6.557468709594239E-002
 -1.115796952691728E-002
  4.686735561907907E-002
  7.858793528973185E-002
  6.039687043634301E-002
  1.566197506680966E-002
  6.875163187077005E-002
  4.160687868119595E-002
  4.217232461582343E-002
  5.446901679964788E-002
  3.050406986876386E-002
 -0.243355830607417     
  0.166125422626430     
 -0.232732028099757     
 -0.279253365044109     
  3.901443368916291E-002
  3.067477933791118E-002
  4.751975827465771E-002
 -0.114741428467662     
  4.291389376259636E-002
  4.255838353460384E-002
  3.634730977124512E-002
 -2.031116583094139E-002
  6.504604657409041E-002
  5.371060734171884E-002
  7.797248730085449E-002
 -0.572956470172486     
  2.418190414270160E-002
  2.380954658808743E-002
 -0.187645665289438     
  1.790243592126117E-002
  2.099623490023228E-002
 -0.288510696526573     
  0.169677192058110     
  2.634498772329330E-002
  8.400879997015220E-002
  7.599721092758938E-002
  6.157711918557041E-002
  7.274133058948251E-002
  1.910419997547486E-002
  5.307909667110811E-002
  4.900462943699013E-002
  8.907249827816732E-002
  2.786261511267885E-002
  8.663712994007922E-002
  5.171440036412611E-002
  5.601167921095851E-002
  5.524731680522699E-002
  5.433186215533048E-002
  6.626894454146615E-002
  5.147433453814187E-003
  2.732929081449476E-002
  3.079958490973034E-002
 -0.340571492357459     
  0.146357391925057     
 -3.429832835350588E-003
  8.866707287922804E-002
  5.389066008775245E-002
  7.708211479718119E-002
  5.709034013568159E-002
  1.703660615406566E-002
  6.902500607908824E-002
  4.422205876850394E-002
  6.369833073845976E-002
  4.710576729731963E-002
  5.381938630883687E-002
  7.840108454695083E-002
  7.313042200849051E-002
  5.120786555862233E-002
  4.606482390439226E-002
  4.913199966321224E-002
  3.516962366918674E-002
  5.201645222625650E-002
  4.755290801538803E-002
 -0.197973536785153     
  0.162867035826830     
  2.099215554917722E-002
  8.127641281190368E-002
  7.856791942014718E-002
  4.876177082909861E-002
  6.703495075670352E-002
  1.152135909969365E-002
  5.538741373177725E-002
  6.012781603428741E-002
  6.421529008592131E-002
  2.600789693002392E-002
  6.468077879719214E-002
  6.207165812047322E-002
  6.685308701196446E-002
  1.662232511809103E-002
  4.720734214989419E-002
  5.554551525307461E-002
  7.793071193543888E-003
  4.424320139111337E-002
  3.463043586390269E-002
 -0.331909908648158     
  0.153220235447939     
  3.314901855316332E-002
  9.545399609017657E-002
  6.215811527906678E-002
  5.886739683080611E-002
  6.895081425731309E-002
 -1.587591318648052E-004
  6.744871657872631E-002
  6.776002510576917E-002
  7.247901274249080E-002
  4.111421545245664E-002
  5.389867300057005E-002
  7.686560657708541E-002
  6.998333120096278E-002
  3.491471353768283E-002
  5.194332169815863E-002
  4.052053766168506E-002
  2.192873806797691E-002
  3.863211445019632E-002
  4.667488702717570E-002
 -0.296770051584757     
  0.152862206047256     
  1.520293614524526E-002
  0.113516971756106     
  6.795396383005692E-002
  6.031254595198399E-002
  5.100340577068385E-002
  2.058604897159766E-002
  6.855431891637698E-002
  6.766945329965324E-002
  4.628215175010764E-002
  2.320781971463859E-002
  6.622441932913548E-002
  5.658692570059320E-002
  7.313326140726850E-002
  6.947071464344035E-003
  4.278827319894152E-002
  3.930362535927301E-002
  3.810441315024926E-002
  4.316995089752240E-002
  3.837367497995314E-002
 -0.262041165863073     
  0.168740161145012     
  2.910868764788033E-002
  0.100997678319081     
  6.558836471714069E-002
  5.822336680623563E-002
  6.309110182853339E-002
  1.864329731559122E-002
  4.902677547014012E-002
  6.789516753592473E-002
  7.430395102242870E-002
  2.095214732874773E-002
  6.994323382043943E-002
  5.954653939576771E-002
  5.680134781639379E-002
  2.754350215847712E-002
  4.042242833550802E-002
  5.388123176427351E-002
  4.175051231094562E-002
  3.886094651000360E-002
  3.973226753376136E-002
 -0.315678209127366     
  0.159582953900050     
  4.051215252588980E-002
  0.103783749428562     
  7.254812075678629E-002
  8.273219662374631E-002
  6.127065738516879E-002
  2.136343393491869E-002
  7.712843399072566E-002
  4.759342288709822E-002
  5.428808713926980E-002
  2.956109233599857E-002
  9.226882412479021E-002
  4.623749894555029E-002
  6.057632519593026E-002
  4.092212785455818E-002
  4.667463640986291E-002
  7.520133000107976E-002
  2.062922432057368E-002
  1.399730399593591E-002
  5.729431504581561E-002
 -0.208621509527903     
  0.145757217225024     
  9.783170763852045E-003
  7.063730299856008E-002
  5.173177276841534E-002
  5.570094876254372E-002
  6.844533902764283E-002
  3.126449244711704E-002
  6.530339257343154E-002
  8.095216671751937E-002
  5.820543289317404E-002
  2.376081822821119E-002
  6.759123857457616E-002
  5.152341554783868E-002
  6.967144993728169E-002
  4.494230460433357E-002
  2.304249373809608E-002
  4.858843909869281E-002
  4.049700776492182E-002
  3.282140318286941E-002
  5.126320391147510E-002
 -0.293552958256802     
  0.177303389548034     
 -9.392925220310833E-002
 -0.336576689483394     
  5.775463133191616E-002
  4.040307965148726E-002
  5.616031098319763E-002
 -0.244262867967782     
  2.275214392840208E-002
  3.873618152557534E-002
  3.670516260335066E-002
 -0.243172215819035     
  1.500346184459800E-002
  3.150119124889272E-002
  5.085096589223170E-002
 -0.435889734882457     
  2.040429462716209E-002
  2.269079981863353E-002
 -3.543989542689729E-002
  5.072898588197516E-002
  3.964006544534437E-002
 -0.273116901116730     
  0.175677842900111     
 -1.879118842839311E-003
  7.979646201031532E-002
  5.941720544698614E-002
  4.317640574077564E-002
  7.358066283086662E-002
  4.288163568150072E-002
  3.923872679632479E-002
  7.360633051514198E-002
  6.952315997023406E-002
  3.124223489077815E-002
  6.576909747477344E-002
  6.757763487778135E-002
  2.857959802327514E-002
  1.176002296932932E-002
  3.917541042460859E-002
  9.167248220639046E-002
  3.087751768172486E-002
  2.625624946717464E-002
  4.662056082822752E-002
 -0.187420070725919     
  0.164479133482676     
  2.057271458330678E-002
  6.815118027900269E-002
  5.168779057269690E-002
  7.255504307263583E-002
  6.477099650056306E-002
 -7.622855234307835E-003
  3.852500961595173E-002
  6.512344677744342E-002
  7.127974038998008E-002
  3.818506325976179E-002
  6.873741060181959E-002
  6.959723289144115E-002
  5.538478873667674E-002
  3.146620149169044E-002
  7.918243666292968E-002
  5.090673546469349E-002
 -6.781284839135537E-003
  4.974216179412516E-002
  4.409359638788690E-002
 -0.320396957174432     
  0.148528277074840     
  3.875064657225691E-002
  7.816885819770469E-002
  6.449779992322791E-002
  5.868158881665586E-002
  6.588589850423610E-002
  1.124838302738373E-002
  6.802816872617634E-002
  6.045665465326977E-002
  4.985453234939896E-002
  3.507189177878622E-002
  6.452309756296926E-002
  7.406312471349974E-002
  6.801490340426852E-002
  2.672441534460734E-002
  4.470842827697408E-002
  6.819847344260987E-002
  2.314374680674947E-002
  1.353223579097573E-002
  3.746395354909149E-002
 -0.322359690775108     
  0.166541367859934     
  1.569366915376724E-002
  9.045388099314877E-002
  8.022675880387109E-002
  7.022307428055896E-002
  5.798532987794613E-002
  5.152075512276699E-003
  6.455210348987095E-002
  4.224937717177757E-002
  5.979036600276544E-002
  2.282077576475050E-002
  6.995964454982895E-002
  6.728653084621239E-002
  5.699605494220084E-002
  1.876659401523773E-002
  5.300180296795542E-002
  4.900711443038375E-002
  5.961772768581897E-002
  2.676184760865730E-002
  2.113010859717124E-002
 -0.268552048615992     
  0.165432369865907     
  3.301404065313562E-002
  0.105771111370617     
  5.651814733190819E-002
  7.189547322398149E-002
  7.524049250135900E-002
  3.537601239766586E-002
  6.560436210805454E-002
  6.835046692532021E-002
  5.714560895825405E-002
  4.639681905607151E-003
  3.024972272786630E-002
  6.990229289339611E-002
  7.026770101949709E-002
  2.370204241242702E-002
  5.907758722630718E-002
  7.196322942537925E-002
 -5.800132721926587E-003
  5.192194680082618E-002
  4.438611988519803E-002
 -0.324670763890894     
  0.142760562896281     
  2.687857380724967E-002
  8.936625017990441E-002
  7.344854146757396E-002
  5.505366997366068E-002
  5.574304683442355E-002
 -1.837295843976072E-002
  6.594159853617132E-002
  6.264297990892109E-002
  6.441458282486445E-002
  1.025494158738782E-002
  7.493108523363867E-002
  5.586656056423323E-002
  6.661147878122520E-002
  5.730705627836841E-002
  6.790592729920164E-002
  4.873132523200252E-002
  9.160411782963340E-003
  4.747115780100986E-002
  5.354747640439739E-002
 -0.279409803653567     
  0.163771552499696     
  2.163605950426550E-002
  8.945731546847124E-002
  4.719199353150183E-002
  6.738321260995483E-002
  6.991144743436462E-002
  2.130900372875821E-002
  6.384876557632935E-002
  7.261912483434940E-002
  6.268849218063344E-002
  3.170822511863536E-002
  5.561751488267108E-002
  5.155480347516228E-002
  7.296901841988113E-002
 -7.992918422864648E-003
  6.404247471034497E-002
  3.675395545793469E-002
  3.929004234812572E-002
  1.888618978425216E-002
  1.761423176335752E-002
 -0.317526251636709     
  0.164592796815682     
  2.729761356395688E-002
  9.693649976994489E-002
  5.934224909997532E-002
  5.024209192759976E-002
  7.081752762256988E-002
  4.440933920775647E-002
  6.570790368748636E-002
  7.220296797621184E-002
  4.483202786084028E-002
  1.630545263786631E-002
  6.635595466268429E-002
  7.426007111748678E-002
  6.329746055902152E-002
  1.504497713573194E-003
  5.153199803661357E-002
  5.635878004816619E-002
  3.030435684874755E-002
  3.363177596027922E-002
  3.337310689731476E-002
 -0.313212479254992     
  0.156941970538320     
 -1.695053663881119E-003
  0.103508500314052     
  6.205612602808985E-002
  7.345403937668327E-002
  7.857505659851960E-002
  2.222249132486187E-002
  5.819077407094619E-002
  7.228116758117986E-002
  5.680064941738161E-002
  2.756053313715201E-002
  5.197228331215953E-002
  5.327244611711190E-002
  6.227472151675217E-002
  5.192365281573030E-002
  3.639458726682965E-002
  6.520014136294650E-002
  3.547602946356587E-002
  3.948114667501157E-002
  2.016580809067203E-002
 -0.288221510331672     
  0.154540876926131     
  3.134174324552319E-002
  8.976683175755440E-002
  7.279461953501098E-002
  6.714358286048017E-002
  6.102848217041612E-002
  5.543334742751149E-003
  7.788079440309970E-002
  5.003902432800378E-002
  7.048757354012725E-002
  2.734926185098496E-002
  5.812729306937825E-002
  8.776255317205806E-002
  4.807189345408891E-002
  4.705773302835459E-002
  3.852901897946048E-002
  3.919200114764809E-002
  8.826213249693460E-003
  5.518947504340144E-002
  2.259053078915940E-002
 -0.320242837206476     
  0.145917177722388     
 -1.731517831034246E-002
 -0.379540975937788     
  7.431742155713938E-002
  5.228970884266892E-002
  5.493292285995899E-002
 -5.474688066312883E-002
  2.757466803654218E-002
  5.483529889399430E-002
  5.825242350658444E-002
 -7.435999556209349E-002
  5.399643252941222E-002
  5.872912279209319E-002
  3.565220909838063E-002
 -0.767038453642090     
  2.393563847890967E-002
  1.263500813223561E-002
 -0.128382068001285     
  3.292234006580264E-002
  1.432484158913028E-002
 -0.304808296317742     
  0.165937146128941     
 -1.983888380212484E-002
  0.105442546445664     
  5.947462936683712E-002
  7.066587094091159E-002
  5.383921476243780E-002
  3.918097088189043E-002
  4.637818226481361E-002
  9.785433247255781E-002
  6.634993270275980E-002
  1.030207432099672E-002
  5.715238349690177E-002
  6.761856307139769E-002
  6.168896438406157E-002
  4.856054459356862E-002
  8.346809384712262E-002
  5.384845851287645E-002
 -5.111410071446443E-003
  4.528825530319480E-002
  2.718071829134971E-002
 -0.264790614090637     
  0.153103805703924     
  2.086286396820558E-002
  8.918453671855708E-002
  7.542328043310531E-002
  4.665257239272536E-002
  6.555320219810512E-002
  9.035039617152130E-003
  7.268494092466304E-002
  7.435723529870364E-002
  5.608488410443457E-002
  2.006693506500890E-002
  7.661352826055579E-002
  5.977031897877028E-002
  5.488303399830341E-002
  3.163661152597097E-002
  4.176670977417207E-002
  5.772587268271168E-002
  2.749450576913226E-002
  3.784434484050925E-002
  4.521213810314872E-002
 -0.277056264575910     
  0.154272736953909     
  1.703536080966650E-002
  8.330727702813512E-002
  7.529464388025497E-002
  5.292754002147548E-002
  7.395330004403533E-002
  3.494940723281736E-002
  6.806888749673523E-002
  7.077885024230479E-002
  4.577531995168382E-002
  3.388706946248732E-002
  6.856966403452103E-002
  6.757986153647366E-002
  6.184923603908443E-002
  4.200029058107901E-003
  5.747716412049098E-002
  4.246972459875387E-002
  2.629581074602161E-002
  2.213537421444012E-002
  4.596084442077109E-002
 -0.311385594806604     
  0.160620935538678     
  1.191310149784641E-002
  0.115522251236192     
  5.090788793561685E-002
  8.712434381702339E-002
  4.708568097870247E-002
  4.088759954525267E-002
  7.137244303209012E-002
  6.232696595671627E-002
  6.190679991522463E-002
 -9.176302656124236E-003
  7.040506991689621E-002
  5.027333349181495E-002
  4.607956382794987E-002
  7.794170521152699E-002
  6.697208926019027E-002
  4.670326476588960E-002
  4.148907341715935E-002
  6.020739101393369E-002
  9.251152866342438E-002
  0.809250491191029     
  0.150868195871826     
  1.733391649338589E-002
  8.485499252143747E-002
  4.920042506299704E-002
  5.758799539421833E-002
  6.105269628043153E-002
  3.259816904427870E-002
  5.160754320673477E-002
  8.916897098765364E-002
  7.867898919842042E-002
  1.861602741899304E-002
  3.817595119709549E-002
  5.690178815499336E-002
  6.558815875932034E-002
  4.299153275124556E-002
  6.279000858135930E-002
  4.663294143836039E-002
  1.410585649647977E-002
  4.779405116527002E-002
  1.885130548844349E-002
 -0.309978522243352     
  0.147347831388836     
 -0.109463434974822     
 -0.334215540607277     
  6.919114464753318E-002
  3.744622333469649E-002
  5.176849513495674E-002
 -0.277066516641653     
  5.173327253945248E-002
  2.094998339190834E-002
  4.281442435233385E-002
 -0.163347182316375     
  4.123942064601771E-002
  5.003294333845876E-002
  6.818127213437775E-002
 -0.419141062595298     
 -8.184004413140045E-003
  3.105057346234452E-003
 -7.431334939909906E-002
  1.984313453020625E-002
  2.473003101904270E-002
 -0.276494829178723     
  0.172303990414332     
  2.690348791756936E-002
  0.104959159258724     
  8.264905333397288E-002
  7.001664834280763E-002
  5.584105008170925E-002
  1.343578489313124E-002
  6.290969393831813E-002
  6.795704928100377E-002
  4.452182138946537E-002
  3.371200548721953E-002
  8.489131250983872E-002
  5.797942439067427E-002
  4.274239309531858E-002
  5.079361218269574E-002
  3.483499569838000E-002
  7.463558437727147E-002
  3.279397102006110E-002
  1.920533227383214E-002
  5.474331699689927E-002
 -0.205062183638864     
  0.152423309859274     
 -9.566189754728782E-003
  7.801236950180090E-002
  7.367392772084902E-002
  5.508928079555164E-002
  6.730726589878200E-002
  3.691196360928384E-002
  3.425655972075703E-002
  8.604233371058667E-002
  6.191088989519444E-002
  4.140737521264093E-002
  7.983294251656203E-002
  7.244542932669162E-002
  4.524198983748684E-002
  2.324379543432631E-002
  5.143517933526176E-002
  4.444798325736454E-002
  2.004569340813989E-002
  4.203429252980118E-002
  4.242163419270939E-002
 -0.278073271157552     
  0.157195653239446     
  4.953028893562017E-002
  9.427418371165963E-002
  7.448715301993525E-002
  5.730229570591638E-002
  6.106103491951775E-002
  2.481668311147445E-002
  5.367563087598015E-002
  6.307355726979191E-002
  6.804786589059975E-002
  1.001071725474612E-002
  6.072874307645804E-002
  6.528454408619055E-002
  4.252105999175548E-002
  5.216890962814213E-002
  6.850546751204845E-002
  5.940547189841849E-002
  2.118286213017972E-002
  4.208672129749735E-002
  5.650631181370047E-002
 -0.191236290707674     
  0.153116548203793     
 -9.593291101337442E-004
  6.098256978921324E-002
  5.216728978075280E-002
  5.279616367254458E-002
  7.641225605364488E-002
 -1.828595167316927E-003
  5.818784449327774E-002
  8.527005546991884E-002
  3.765002013641372E-002
 -9.809857859118587E-003
  5.266796049810707E-002
  5.799725396669864E-002
  5.970626148260672E-002
  3.322304446368163E-002
  5.133827959171788E-002
  6.528751575690073E-002
  2.944444374667166E-002
 -1.323135036096912E-002
  4.287088512547266E-002
 -0.189796412651016     
  0.164846587782776     
  1.414547690557288E-002
  0.106636724547361     
  5.059824478015373E-002
  7.802247455460620E-002
  5.878268042661894E-002
  3.267516286578065E-003
  5.972031380170406E-002
  6.102703741875382E-002
  6.160908897850648E-002
  2.588853731668328E-002
  5.722368630525987E-002
  6.206242559031361E-002
  8.811149446623956E-002
  3.739906198074427E-002
  6.839088696772144E-002
  5.432672790590198E-002
  2.523804872894475E-002
  4.586776372294366E-002
  4.592234239963222E-002
 -0.198575588215032     
  0.159180773992485     
  3.029413726573615E-002
  7.271361892290962E-002
  7.496967303711433E-002
  6.662437234984997E-002
  5.433872661379968E-002
  2.296622542834426E-002
  4.697645943024298E-002
  7.114199370800389E-002
  4.738240661596860E-002
  2.381575842943429E-002
  7.290438491953133E-002
  6.277185303854371E-002
  4.794979960413115E-002
  3.633210431333289E-002
  5.768218528541225E-002
  4.334719811345555E-002
  3.499331559714758E-002
  3.055173931233102E-002
  5.526603774311734E-002
 -0.198310484272866     
  0.163394966659243     
  1.401384016697893E-002
  6.131663928793696E-002
  6.722630537946517E-002
  4.376738302677408E-002
  6.348219164787305E-002
  1.427092130858876E-002
  4.413172068055915E-002
  7.255726950842400E-002
  6.855780822475577E-002
  2.506113463446935E-002
  3.908382936593702E-002
  5.819196572578811E-002
  8.074324153997747E-002
  4.248606539218081E-002
  7.272540653594128E-002
  5.059521988983418E-002
  2.129440431851215E-002
  4.643546549897548E-002
  4.809933487016926E-002
 -0.248482686578956     
  0.148781936591899     
  3.826373862234078E-002
  9.319205602664393E-002
  8.089475109320032E-002
  6.277474616112932E-002
  5.961462445046528E-002
  1.235182586096828E-002
  8.362247010341273E-002
  5.503835199363916E-002
  4.846715309647398E-002
  2.154311627231476E-002
  5.951914305358164E-002
  6.878195296379586E-002
  5.247824445199412E-002
  7.454519802278625E-003
  5.213275464946687E-002
  3.399657265718725E-002
  2.567834200690777E-002
  4.804636991989175E-002
  3.914791462486911E-002
 -0.213048102727027     
  0.178183407333256     
  1.162615094698438E-002
  0.120443714224312     
  4.415654989911522E-002
  8.188586019725252E-002
  6.307526145258346E-002
  9.475533951762927E-003
  7.930717772910101E-002
  7.400052385681632E-002
  5.919732233932096E-002
 -7.373272268412556E-003
  4.210472764185824E-002
  7.754702561385030E-002
  4.909895483434634E-002
  3.094676915320438E-002
  7.544293481982822E-002
  4.506356422011404E-002
  4.653068688730277E-002
  2.117652113987412E-002
  3.780519059859877E-002
 -0.216673611458249     
  0.173059326450780     
 -5.086657439329301E-002
 -0.319413892461960     
  6.594022696005253E-002
  7.548758528320521E-002
  3.841302305841199E-002
 -0.302085069748709     
  2.501378916661523E-002
  4.035546501633080E-002
  1.779007405156685E-002
 -0.263881961002305     
  2.154856966351304E-002
  2.174801931078807E-002
  2.979884237509012E-002
 -0.399388339033630     
  3.269629962744369E-002
  2.856223984286865E-002
 -3.691891007224068E-002
  3.833879638042748E-002
  9.528794774593452E-003
 -0.242551572940797     
  0.162114368195377     
  2.718394759165976E-002
  9.624319644921897E-002
  7.021179611808559E-002
  5.917934277109960E-002
  7.661897166772735E-002
  2.239172834606507E-002
  5.711552457950686E-002
  8.479604715354305E-002
  4.398323566361895E-002
  2.521447476769945E-002
  8.614014995175057E-002
  6.114222044127704E-002
  3.139101143111767E-002
  2.634189907829754E-002
  6.954879522450896E-002
  7.222963418336525E-002
 -4.723422848049275E-003
  1.093785714795104E-002
  3.808032215022938E-002
 -0.293102907792134     
  0.152501422093425     
  3.488489888045621E-003
  9.111023843320787E-002
  6.597656507436400E-002
  6.519861284618778E-002
  5.335478069037303E-002
  8.066494706101768E-003
  5.894352913000078E-002
  6.950525094102800E-002
  7.534014485691098E-002
  4.085304139749324E-002
  5.735638364129214E-002
  5.875854106184530E-002
  8.546389684085842E-002
  3.379441926692284E-002
  6.701769593138496E-002
  3.464482104456912E-002
  5.795230827671194E-002
  5.292953017582103E-002
  2.591063810552741E-002
 -0.209402148260080     
  0.168465573824933     
  1.085223392286672E-002
  9.139698590527612E-002
  5.841421385003509E-002
  3.789727488897299E-002
  6.057409188442697E-002
  3.293822531579726E-002
  4.497857931298543E-002
  8.954875598722389E-002
  7.246806882438894E-002
  1.932804453973613E-002
  6.115434756255866E-002
  6.889684056559153E-002
  5.085674614740743E-002
  3.807927211469098E-002
  3.566503628959294E-002
  5.752845225351211E-002
  3.964747729541207E-002
  7.119036173355975E-002
  2.003282117035499E-002
 -0.270760626865399     
  0.169684998556701     
  3.824269211983200E-003
  0.112591163400153     
  6.468146230675920E-002
  6.074901708158653E-002
  5.999885080569711E-002
  3.067244042378947E-002
  6.901692819889915E-002
  3.921477910222071E-002
  7.656531664396027E-002
  2.304414787862408E-002
  5.356078982683121E-002
  5.017814952286037E-002
  5.800822746001277E-002
  3.000053957798388E-002
  6.880705538042586E-002
  4.221321016213320E-002
  6.686100111622162E-002
  5.990453817517516E-002
  9.819028944489161E-003
 -0.152988401267543     
  0.160994032977077     
 -0.336950182041648     
 -0.313778313715098     
  4.339284684901878E-002
  4.191015493767192E-002
  2.978785864185829E-002
 -0.276765177436184     
  1.915585111900175E-002
  3.531405117193320E-002
  2.937858757244971E-002
 -0.285257933895297     
  4.008682650427642E-002
  2.847299387272006E-002
  2.835077943073960E-002
 -0.182858028660647     
  2.773388830667312E-002
  4.077290073065420E-002
 -3.161914417847633E-002
  4.753902640231833E-002
  3.442721999322651E-002
 -0.231017586181419     
  0.172641310026017     
  1.232398128728773E-002
  9.483866442468702E-002
  5.264317721078038E-002
  6.462047596364673E-002
  7.924106725996749E-002
  4.295383804200803E-003
  6.270822968186718E-002
  4.440098687331162E-002
  6.244054970063972E-002
  9.971382267743856E-003
  6.223325547522129E-002
  5.870525284238948E-002
  6.397439460369192E-002
  5.698677197279123E-002
  5.671459356539654E-002
  5.283484992811827E-002
  4.556470109213206E-002
  4.272818740256623E-002
  4.206469510175481E-002
 -0.252632432485915     
  0.159697158928739     
  2.446044953707949E-002
  9.313545917271249E-002
  5.675095289907195E-002
  8.351138857307117E-002
  6.500818706373812E-002
  2.908345475403218E-002
  4.323434330936304E-002
  5.956405004167065E-002
  7.666566229871463E-002
  3.540075346260529E-002
  7.544570394468031E-002
  6.724145390995184E-002
  5.920083888752992E-002
 -1.899007007115650E-003
  5.632083437527313E-002
  3.984412075969113E-002
  3.362198257414573E-002
  2.900845983508682E-002
  5.039792139658517E-002
 -0.162794880727395     
  0.167048070916168     
  4.623768012931606E-002
  7.166621544434459E-002
  7.520183069210151E-002
  7.477393178619685E-002
  7.317670166333956E-002
 -1.139406273581667E-002
  4.109520402853439E-002
  7.955661289171456E-002
  6.236078445124460E-002
  1.396428070331579E-002
  4.312190419044359E-002
  5.255003751142551E-002
  7.400493819669351E-002
  3.735894342910173E-002
  7.141383935480083E-002
  5.922356835851039E-002
  2.973638476729112E-002
  4.771170478800457E-002
  2.483498891903013E-002
 -0.161143300656389     
  0.161018809038395     
 -0.376441626805173     
 -0.292908162482463     
  1.637198322491862E-002
  1.884857769975867E-002
  5.916505298531716E-003
 -0.291362910217149     
  4.813132614795557E-002
  2.815955357912459E-002
  5.645159530949828E-002
 -0.200372297302534     
  6.363555886113226E-002
  3.424059450825634E-002
  3.485023199051052E-002
 -0.130501943187501     
  4.682722538816653E-002
  4.504277637025866E-002
 -1.844213919606119E-002
  4.249741493681025E-002
  4.023949609501287E-002
 -0.213756381922575     
  0.162492371411103     
 -0.255704265898329     
 -0.304905562784759     
  2.542109542904281E-002
  9.844312919617959E-003
  2.680555209991220E-002
 -0.421306073615048     
  4.505122616318280E-002
 -5.622446406305270E-003
  5.579995166480223E-003
 -0.228456633396689     
  4.363069246657603E-002
  5.205025326812873E-002
  2.234446864773465E-002
 -8.168711642709781E-002
  4.393772611337754E-002
  3.935883794200079E-002
 -6.408514718003744E-003
  3.726831733855285E-002
  4.304339626038844E-002
 -0.220189395507684     
  0.157958169074392     
  2.635676384881114E-002
  0.103348686686501     
  6.103582934621243E-002
  7.203985867496021E-002
  8.258506121197284E-002
  1.864876010083893E-002
  6.456712549106702E-002
  5.150315703181962E-002
  8.080654073026750E-002
  4.888816449431843E-003
  6.786916107755481E-002
  6.089865277842321E-002
  6.460078336443231E-002
  4.076326466227886E-002
  5.015217222330215E-002
  6.569648825080965E-002
  1.533534201902809E-002
  4.480847724486370E-002
  3.415385440534791E-002
 -0.192381046047391     
  0.171218566718167     
  3.411064862752244E-002
  8.334587283897932E-002
  6.805799779141364E-002
  6.462150000129585E-002
  6.365265422568778E-002
  1.392086540556470E-002
  6.230998157910672E-002
  6.214982542562664E-002
  6.571283077397627E-002
  1.463255741318825E-002
  5.735856500426972E-002
  7.560715134674889E-002
  4.769684462082247E-002
  5.257780392054867E-002
  4.786662312940460E-002
  4.905631742376659E-002
  2.396952542741237E-002
  3.162068726229339E-002
  5.716136876862188E-002
 -0.327674336189147     
  0.155952197679735     
  1.966276317965532E-002
  9.907803765643841E-002
  6.015732762379478E-002
  4.983738339365684E-002
  7.163144424390155E-002
  2.113878729823249E-002
  5.987227078707880E-002
  7.382453341260675E-002
  6.496192916608234E-002
  2.311410510561052E-002
  4.971025715446198E-002
  4.702405767717110E-002
  7.071408935282975E-002
  5.429809000348751E-002
  6.186611034532274E-002
  6.168711976152652E-002
  5.820168851476293E-003
  3.975474809008683E-002
  2.940689197348323E-002
 -0.321193647633836     
  0.152033964923994     
  1.797316526124026E-002
  9.628316172621343E-002
  6.216981907633734E-002
  6.629162124320565E-002
  6.931448199942480E-002
  3.029326704835000E-002
  6.457287936940037E-002
  4.144608463644672E-002
  5.829311845692731E-002
  2.556947883382765E-002
  6.958217704589187E-002
  6.383196284987724E-002
  5.656138728959947E-002
  4.428187155014829E-002
  7.259908201018506E-002
  5.752608460563702E-002
  7.389978559376953E-003
  5.294019790875015E-002
  2.988317207819546E-002
 -0.317718111379921     
  0.158982780406613     
 -0.134781619354574     
 -0.264322665219284     
  3.315790924412210E-002
  4.042072615817471E-002
  6.196865731810297E-002
 -0.168308984592032     
  3.929284494514373E-002
  4.884618869437685E-002
  4.893512228215857E-002
 -0.267714741879312     
  1.491488083533088E-002
  3.031219256622475E-002
  3.131163562477579E-002
 -0.306268899793440     
  3.189538765576061E-002
  1.715881730379343E-002
 -5.821348018298167E-002
  3.850236425246978E-002
  3.312718447810192E-002
 -0.257484863324116     
  0.161461642205293     
  4.539428005979351E-002
  9.652283508157566E-002
  5.361761938007970E-002
  8.135465499804928E-002
  6.705659207128067E-002
 -8.943356063028318E-003
  5.615840489517643E-002
  5.663890426710128E-002
  6.163697232515108E-002
  3.284592615583248E-002
  6.822037220101929E-002
  7.271236272717962E-002
  6.291726031438483E-002
  1.296756948478350E-002
  4.317417017628578E-002
  6.496973302631059E-002
  4.238250812130273E-002
  1.064734124756739E-002
  2.716528165328336E-002
 -0.293830794831893     
  0.164673596004909     
  1.508695570382290E-002
  9.061163444711173E-002
  4.994170513792107E-002
  5.946796505257879E-002
  6.498054990088153E-002
  2.906953757995945E-002
  5.989968348533647E-002
  5.214723340789329E-002
  5.172127117751335E-002
  2.818080190166139E-002
  5.357109279514816E-002
  7.268369389407381E-002
  6.896573326183630E-002
  3.387230255254714E-002
  6.101075887455465E-002
  4.626446221824709E-002
  2.551533845037390E-002
  2.878614674652524E-002
  4.338763466952256E-002
 -0.356809538410920     
  0.158461483849637     
  2.072772099316866E-002
  6.472958905584481E-002
  8.556744888664491E-002
  6.635613785362182E-002
  6.480022699221422E-002
  2.523877666299290E-002
  6.983136301783666E-002
  6.340921845593295E-002
  4.873180443186975E-002
  1.636750348348714E-002
  6.627821664073363E-002
  5.343558826002681E-002
  6.975630078840833E-002
 -1.691016979501470E-002
  4.457532158035482E-002
  5.148333678484374E-002
  3.029650745906576E-002
  6.138987077442415E-002
  4.161650612053613E-002
 -0.214860289152137     
  0.151115353306083     
  1.987915205145674E-002
  7.944473390237139E-002
  8.294860350698396E-002
  4.783223178335461E-002
  4.313465291253116E-002
  2.472018730146353E-002
  5.386429520972680E-002
  6.754719505228390E-002
  6.006754494194233E-002
  3.838440683951561E-002
  7.206799026557931E-002
  6.163948069127589E-002
  6.847503345213657E-002
  4.602458120106512E-003
  5.523002345946082E-002
  2.845533287873181E-002
  5.596115757759534E-003
  6.110571620896355E-002
  5.459438089391011E-002
 -0.339080706257722     
  0.157802912021163     
  2.020228641099697E-002
  8.540337417453969E-002
  7.348810395276506E-002
  5.604892397920103E-002
  6.234649403636983E-002
  1.263007496740398E-002
  5.825974932808786E-002
  4.851032931112831E-002
  6.806298606551364E-002
  1.841606545372398E-002
  5.366783852423451E-002
  7.159360966506312E-002
  6.046864139877406E-002
  3.414884586627531E-002
  5.374637852762298E-002
  6.472619720623951E-002
  1.189970457009437E-002
  3.445916661044546E-002
  5.638428409399177E-002
 -0.325524505291256     
  0.149768050656125     
 -0.101680579538168     
 -0.305077770362019     
  5.362593262576232E-002
  6.802219196563364E-002
  4.977835939078723E-002
 -0.169388992864550     
  3.603755212422544E-002
  5.328385700227922E-002
  3.232583265435618E-002
 -0.199050849186845     
  3.916905914810698E-002
  4.166287753027109E-002
  5.487513632403673E-002
 -0.489617420439965     
 -3.351948762705836E-003
  1.195401135641649E-002
 -0.129058483913339     
  4.119272255161610E-002
  1.450318398733941E-002
 -0.264210410949086     
  0.162955630485304     
  2.804775487806976E-002
  6.402149350024100E-002
  7.184745850796126E-002
  6.309442632104567E-002
  7.868900745143392E-002
  2.408544554010117E-002
  3.852218089846637E-002
  5.468299774730223E-002
  5.886118064599721E-002
  3.451467317906420E-002
  5.283543594247841E-002
  8.052455638225953E-002
  7.491042087886501E-002
  2.445653719445806E-002
  4.456775312080441E-002
  6.789153048893337E-002
  1.659921062432002E-002
  3.263238154651027E-002
  3.203553121324931E-002
 -0.261912438514476     
  0.166123503983692     
  6.726428622550351E-003
  8.843723914677692E-002
  6.182477021502253E-002
  6.259056516803752E-002
  4.836448489515099E-002
  2.694856008824509E-002
  6.880181574780819E-002
  7.244330148275913E-002
  4.938317269342052E-002
  5.773835861090681E-002
  5.725598388170050E-002
  8.459860574615774E-002
  6.528945370565031E-002
  4.007032302864388E-002
  3.346335514496790E-002
  6.219229799764059E-002
  3.246778214616119E-002
  2.893394621588730E-002
  4.809849217440254E-002
 -0.198730342781563     
  0.162588778892491     
  3.395028107001652E-002
  8.071971608035788E-002
  5.260275105278178E-002
  7.765894724150324E-002
  6.427611574531988E-002
 -6.972834774275682E-003
  2.455702906257640E-002
  7.033738404459000E-002
  7.202077075354374E-002
  5.808078882126022E-002
  9.781206795746233E-002
  4.946487821066825E-002
  5.768385027321199E-002
  3.528880835636672E-002
  5.484992568523450E-002
  5.835574802659282E-002
  1.714928731221743E-002
  3.902224408924126E-002
  2.746100504176152E-002
 -0.322072046725822     
  0.157080246789012     
 -0.279337961378454     
 -0.333282566743997     
  1.914135839639908E-002
  5.189904487187846E-002
  3.457858104399381E-002
 -0.150722043170816     
  5.213450504124706E-002
  5.108947134149489E-002
  4.297616013864802E-002
 -0.157814110563841     
  4.782600365993450E-002
  3.658474701272285E-002
  4.900966966394948E-002
 -0.460703832040270     
  8.981328634092400E-003
  2.412737160693301E-002
 -9.152592894844513E-002
  5.157527232522607E-002
  3.199717095070320E-002
 -0.396753219196692     
  0.160549020110685     
 -6.955807518489543E-002
 -0.344233458701888     
  4.613895161278003E-002
  6.737183285645842E-002
  4.327745172925979E-002
 -0.101486603017225     
  4.137167018357080E-002
  4.377112405015049E-002
  4.578061161604996E-002
 -0.198004444802890     
  5.134116847021208E-002
  5.357950571951464E-002
  4.700133183789845E-002
 -0.607898048090802     
  1.944664344450953E-002
  2.544828664743548E-002
 -0.110408365445413     
  2.016391536165074E-002
  5.358463616707410E-002
 -0.302054269930500     
  0.161545296654448     
  3.847205346151705E-002
  0.135142901163901     
  9.219302145006247E-002
  3.489715131853999E-002
  6.607723542980715E-002
 -3.909401905153764E-003
  6.294227591646306E-002
  6.221348115993830E-002
  7.026963246348739E-002
  1.776312416395642E-002
  7.479664931999574E-002
  5.205516084720330E-002
  6.066705006599615E-002
  4.274012971242636E-002
  3.207838653033779E-002
  5.527841098007091E-002
  5.270905234392664E-002
  2.225275158573803E-002
  4.421533243297349E-002
 -0.201687574883664     
  0.170705634447049     
  2.059448805001995E-002
  0.109014438213933     
  8.387008951343322E-002
  6.866363997608760E-002
  5.376708439927691E-002
  1.023627971637842E-002
  5.360657021622084E-002
  6.202108349992796E-002
  4.863816985037528E-002
  3.220450522363238E-002
  6.660456673552406E-002
  5.594136507027636E-002
  7.799391284964818E-002
  4.335894510028870E-002
  5.374676621402408E-002
  6.373221991936973E-002
  4.087149221274444E-002
  6.267502627859722E-002
  2.285259255124583E-002
 -0.214184538679030     
  0.159571914507254     
  8.791733193453943E-003
  8.762518257972740E-002
  4.752527339858970E-002
  5.913126571200777E-002
  8.196410840041579E-002
  2.906423527173629E-003
  4.342851909401191E-002
  7.270417274636121E-002
  5.437084086855970E-002
  1.870483115553512E-002
  8.013686670443321E-002
  5.291351367503805E-002
  6.471599262015582E-002
  3.825909492823554E-002
  5.133761031200978E-002
  4.816374316924976E-002
  4.384748438142294E-002
  3.189711883153856E-002
  2.440050125748094E-002
 -0.285726444063160     
  0.159604424736285     
  2.550468391513583E-002
  0.101511545949550     
  5.869366455270209E-002
  5.996179106742960E-002
  7.458091177883697E-002
  2.422753700913693E-002
  6.825186069483047E-002
  6.843650083662534E-002
  6.082355285055474E-002
  2.472179719250178E-002
  7.501559193536744E-002
  5.355694957114743E-002
  7.592776677561941E-002
  4.505966428143404E-002
  5.231437198478628E-002
  4.501131470536957E-002
  2.395416758238955E-002
  3.346350191142233E-002
  4.987755558112406E-002
 -0.270024385894512     
  0.155326506140112     
 -9.011214721979410E-002
 -0.371687695344586     
  4.923477943645460E-002
  4.584433112718767E-002
  3.480073155505337E-002
 -6.742111694390207E-002
  6.337344086774022E-002
  3.929005442688449E-002
  5.445154725207757E-002
 -4.410601182235485E-002
  6.136414034329196E-002
  5.018522564960481E-002
  7.013373437286774E-002
 -0.732921956395331     
  1.290555545406868E-002
 -8.098870467156960E-004
 -9.894769283480986E-002
  2.048417650460033E-002
  2.986084469972050E-002
 -0.290139695655712     
  0.160873936728429     
  3.857913512255617E-003
  8.289163623764129E-002
  8.031819750477642E-002
  4.225203773945174E-002
  6.013299740237055E-002
  2.163642814965039E-002
  6.418377930491337E-002
  5.113904258879032E-002
  7.768995078543139E-002
  3.081488625866458E-002
  7.321884282568936E-002
  6.993324515231070E-002
  3.662168937369314E-002
  1.056081035632284E-002
  4.873714129195283E-002
  3.972624897439392E-002
  2.323582108370115E-002
  4.421196903283242E-002
  3.223860566565806E-002
 -0.320720006456488     
  0.151886015118303     
  2.705844235600896E-002
  8.058878873069997E-002
  6.849293670242085E-002
  5.006592702446988E-002
  6.503107811732700E-002
  3.931871062770265E-002
  6.455579814731260E-002
  8.139091120539987E-002
  5.461482939512730E-002
  2.746052987975167E-002
  5.403265665887536E-002
  7.085356378645580E-002
  7.442565956482716E-002
  2.524469876284785E-002
  5.504224209279329E-002
  5.483236430198646E-002
 -1.863464069852938E-003
  2.983574236542863E-002
  3.876309590705262E-002
 -0.287376537248263     
  0.163076892679313     
  6.991582458388379E-003
  8.141885174421315E-002
  6.436410649503144E-002
  5.216925264731864E-002
  5.091213419773444E-002
  2.858298577186158E-002
  7.178451769419636E-002
  6.456237217548899E-002
  5.643241091360096E-002
  2.950248787908949E-002
  8.362673969086010E-002
  6.753541054333512E-002
  6.553193321277029E-002
  4.577219843685754E-002
  3.447230350149377E-002
  5.323039584791300E-002
  2.175054709885771E-002
  5.887811469215620E-002
  4.527505503601503E-002
 -0.281932668032016     
  0.174838630876465     
  3.412664953940459E-002
  9.269608772028448E-002
  5.075699180805893E-002
  7.560544305677941E-002
  6.594963708063117E-002
  1.105323949219317E-002
  6.897930668059582E-002
  5.740032532872352E-002
  6.736785733395556E-002
  5.195055242411151E-003
  5.371382654372581E-002
  6.263267931216532E-002
  7.203142263926843E-002
  6.635391426937742E-002
  5.608919102353871E-002
  4.289109025372873E-002
  2.302090097962051E-002
  4.821813600887148E-002
  3.673895946471628E-002
 -0.369956884120267     
  0.141347093397569     
  4.178006245164223E-002
  9.124080591044592E-002
  7.044495176300447E-002
  7.608092793579202E-002
  6.093549440301038E-002
  1.355877016152807E-002
  6.753543296997166E-002
  3.172046714234322E-002
  7.531835272982590E-002
  4.159725387493252E-002
  6.741266328471951E-002
  5.462829277503933E-002
  7.879751084532516E-002
  2.914679632175421E-002
  6.685121222120494E-002
  7.079352493921776E-002
  6.124065577656879E-003
  5.291339654026839E-003
  4.855102891267782E-002
 -0.193954589622123     
  0.170631265505629     
  2.689786006541706E-002
  0.118642298514955     
  7.031071926392551E-002
  4.337503911810525E-002
  7.720322343425923E-002
  4.068132954335946E-002
  7.756639369624885E-002
  5.921511744611230E-002
  6.284786756745786E-002
  1.512930332097318E-002
  4.999844559406130E-002
  7.317097427091412E-002
  5.875409749451321E-002
 -1.468054894199877E-002
  5.156188226855096E-002
  3.012308255523100E-002
  2.914532240700973E-002
  2.877794356462415E-002
  4.811034634040301E-002
 -0.275132318196108     
  0.154238031432351     
  2.857791324413350E-002
  8.272271484237148E-002
  7.379133629163859E-002
  7.281157092227475E-002
  5.681304932128806E-002
  2.021829796116670E-002
  6.715817474564600E-002
  6.926075382741570E-002
  5.475661756604855E-002
  4.000495524392766E-002
  6.643682654113570E-002
  6.973610557145715E-002
  6.508000005212211E-002
  3.144967794890396E-002
  5.250910120708707E-002
  5.471750206870574E-002
  2.726284627133735E-002
  4.015055903237730E-002
  5.578809392251738E-002
 -0.225618881221441     
  0.155630801630952     
  3.298934351886018E-002
  8.865710717736253E-002
  7.449229140468383E-002
  6.777097780702923E-002
  7.692548053174797E-002
  1.684017268664340E-002
  4.192202830882463E-002
  6.176899573928130E-002
  6.908476306215316E-002
  3.309435613202982E-002
  7.534956550814564E-002
  7.025628474868595E-002
  2.751757834283619E-002
  1.911192758084912E-002
  7.088904103808047E-002
  3.530199927963762E-002
  2.399836282755219E-002
  6.334087411768152E-002
  1.751831116349012E-002
 -0.346229609481021     
  0.158817830043881     
  3.509141624612422E-002
  8.354261872863589E-002
  7.758623238624052E-002
  7.378568162338706E-002
  6.507566955838684E-002
 -2.460300376089464E-003
  6.657624912209004E-002
  5.134849675135922E-002
  6.313262641844464E-002
  2.343612130949735E-002
  6.275691491695601E-002
  6.723998538442255E-002
  5.937744288499680E-002
  3.195228307972675E-002
  4.687558390808333E-002
  5.106755441939470E-002
  2.003764838140265E-002
  3.926523893277756E-002
  1.970888188814701E-002
 -0.268609653700989     
  0.160818421758940     
 -0.270447646519686     
 -0.313914635615384     
  2.316831632492100E-002
  1.782412403509115E-002
  2.666173726871790E-002
 -0.114901279202279     
  5.703663002336334E-002
  4.063446064374943E-002
  4.774194857403480E-002
 -0.410076896368367     
  2.073021174252831E-002
  1.303545577272647E-002
  2.557237938957935E-002
 -0.233692157270861     
  5.316677404306192E-002
  4.437057280333589E-002
 -2.038330329619775E-002
  2.799435877018930E-002
  5.220868768481424E-002
 -0.243377851303847     
  0.177298614188513     
  2.468539570592565E-003
  9.525660259236357E-002
  4.928250647967602E-002
  6.690618829064687E-002
  7.127076073375660E-002
  3.133456265721035E-002
  7.511328885718638E-002
  6.453880363345887E-002
  4.721856402385971E-002
  3.566747836865769E-002
  6.898297424108391E-002
  5.923663461994844E-002
  8.064695704213876E-002
  3.769790237100956E-002
  4.538987833160846E-002
  7.950967689375532E-002
 -9.128265263843360E-003
  3.527314523417946E-002
  3.696654783050601E-002
 -0.341151192516461     
  0.154805513031194     
  2.668301346311708E-002
  9.609779495987247E-002
  6.886337320117297E-002
  6.517327509004722E-002
  5.356049952760056E-002
  1.110151730067921E-002
  4.092965840499918E-002
  4.556455838481532E-002
  8.107928492317118E-002
  3.105431221834332E-002
  7.856132025599338E-002
  3.066569458205004E-002
  6.239739694715307E-002
  7.997461499272340E-002
  5.645393718908909E-002
  6.351862202931835E-002
  2.903395898857530E-002
  3.214546353220871E-002
  1.519769667710358E-002
 -0.297118557152252     
  0.165616387650463     
  6.117765767403860E-004
  8.470027294216464E-002
  6.659259640376702E-002
  5.624033085375357E-002
  6.864534095606134E-002
  4.246932106113199E-002
  5.607441733202212E-002
  6.616730241066049E-002
  6.603224140845598E-002
  4.135323507773103E-002
  6.139610729662437E-002
  7.205376666895202E-002
  7.110437862269803E-002
  2.677602197865125E-002
  4.182438349429085E-002
  5.756397848279293E-002
  2.602277834750399E-002
  4.880076580617698E-002
  2.070182579240065E-002
 -0.319675191075420     
  0.149984079013053     
  4.150413076858817E-002
  9.078034524902723E-002
  7.694110428419376E-002
  6.527682828609449E-002
  6.591227101277808E-002
  2.525249512246308E-002
  4.619212346504598E-002
  7.815097179466002E-002
  5.456241884091984E-002
  2.398122643804212E-002
  4.310192638981036E-002
  7.346124628382855E-002
  7.204033126431153E-002
  9.472155230770163E-003
  5.506958813610563E-002
  6.560522166242178E-002
  3.029145708877046E-002
  3.898373254439480E-002
  4.987321901490760E-003
 -0.344016129376451     
  0.155758207385166     
  2.032836426619511E-002
  8.828368313839619E-002
  4.305525888309758E-002
  7.738355446534217E-002
  6.614597650952148E-002
  1.587150038938212E-002
  7.284999086350663E-002
  6.375856705422756E-002
  6.786100034426912E-002
  2.410355804815456E-002
  5.271622386946906E-002
  8.002943161689435E-002
  6.337960709920765E-002
  2.755354105628660E-002
  4.703699280080897E-002
  5.861231776452969E-002
  3.202172401849923E-002
  4.165131716697379E-002
  3.658590145903085E-002
 -0.296887433673513     
  0.157640312000067     
  1.369739383934077E-002
  9.821552255000565E-002
  2.207958795899845E-002
  5.170899431092213E-002
  0.102095224809271     
  2.871463926771556E-002
  9.231859041469714E-002
  5.602640009469995E-002
  6.055366593279454E-002
  1.773861736621907E-002
  4.824051833279663E-002
  8.212478273643076E-002
  7.024809689843037E-002
  2.256561115266731E-002
  5.545068186239177E-002
  5.250487965040218E-002
  3.792159200384404E-002
  7.382460486330267E-002
  2.561771952122072E-002
 -0.225383271542170     
  0.193122657143682     
  1.820345809904556E-002
  0.108663698393245     
  6.982798386642031E-002
  6.608333145833634E-002
  3.630020065962336E-002
  2.203370186193032E-002
  5.444591803899579E-002
  6.377803660514669E-002
  6.598742601979668E-002
  2.101342597819134E-003
  6.695387134166753E-002
  7.636473273769817E-002
  5.933542570990968E-002
  8.355399539498931E-002
  6.954856228119033E-002
  6.317265424091245E-002
  2.727812237953575E-002
  1.093748668698868E-002
  3.649193646840654E-002
 -0.292921772909374     
  0.159541606807089     
  3.038590387903506E-002
  8.122444916726757E-002
  8.285352343097274E-002
  5.953971373697342E-002
  5.678573130824538E-002
  7.272954920963581E-003
  6.698185234886822E-002
  7.279148930729640E-002
  4.427650971424812E-002
  2.831727179204258E-002
  7.920909936451537E-002
  7.102011692054588E-002
  5.459359242326378E-002
  4.901270240636313E-002
  4.970140050927463E-002
  6.600290206829584E-002
  4.013593513783320E-002
  5.148683679854349E-002
  2.307755162826264E-002
 -0.190888010248218     
  0.155572864265143     
  1.920887424652040E-002
  0.102702487520588     
  7.539126605468305E-002
  4.547075311543303E-002
  4.510446121544986E-002
  3.109889679975186E-002
  5.835422022291603E-002
  8.296454718308943E-002
  6.559918796382380E-002
  4.139273629803908E-002
  6.042454878133074E-002
  4.997324240049705E-002
  7.264758415984729E-002
  2.839385293635033E-002
  6.920397458885175E-002
  4.627195582207566E-002
  1.967696418212084E-002
  4.927679592064382E-002
  4.155437122362904E-002
 -0.196285847594348     
  0.153995006406364     
  3.832451220539301E-002
  9.969677360857965E-002
  7.916374711099794E-002
  5.767066443708579E-002
  4.398113966425354E-002
  1.736943407288472E-002
  5.783244383755293E-002
  5.532579927324510E-002
  6.522005503884343E-002
  2.116249895114830E-003
  5.100535469891887E-002
  6.429931940471867E-002
  8.224236360030190E-002
  3.672155393225029E-002
  5.231738229093019E-002
  5.863939125502438E-002
  2.738407324602443E-002
  2.969665767411911E-002
  3.541648926736318E-002
 -0.307325090211661     
  0.152200862321378     
 -0.278846381369974     
 -0.278121754707647     
  3.577376313352421E-002
  1.543357061252937E-002
  4.133203517815409E-002
 -0.142135044690678     
  5.027412329397773E-002
  2.918349656755037E-002
  4.254640205751137E-002
 -0.215194615566579     
  4.744860795332861E-002
  3.084919748796100E-002
  4.356381637544615E-002
 -0.360146644549174     
  4.312922021966825E-002
  2.783172502206943E-003
 -9.753204847268382E-002
  5.480167434229088E-002
  3.029748377227026E-003
 -0.246091506689871     
  0.164219183096060     
  3.641622715477899E-002
  0.102205300336550     
  8.491148996085696E-002
  4.504970631148675E-002
  6.636818703439429E-002
 -3.793435829947178E-003
  5.811172322459202E-002
  5.353781544079783E-002
  4.911659367443422E-002
  4.292926537409381E-002
  4.580341702644941E-002
  6.215579505642954E-002
  7.704948419162294E-002
  3.060514042486151E-002
  6.865809518472399E-002
  5.554878202051250E-002
  1.687957350414582E-002
  4.354940047343048E-002
  2.196054191446917E-002
 -0.250807156261740     
  0.162108197537552     
 -0.214881104831725     
 -0.296686281517738     
  4.172283728687676E-002
  4.045360960249378E-002
  4.807089206165893E-002
 -0.147770658236856     
  4.364928765400000E-002
  4.708344556978905E-002
  3.868562705167045E-002
 -0.169173647372306     
  4.163650168419453E-002
  4.351534285019854E-002
  4.474792973228647E-002
 -0.458501318021518     
  7.947757252556475E-003
  1.715579293358349E-002
 -0.103502988171091     
  4.389502367538467E-002
  3.079997113093091E-002
 -0.258313657600448     
  0.153835336548337     
 -7.595542554126311E-002
 -0.284292185501745     
  5.130277807449746E-002
  3.981674879571551E-002
  3.987890783875447E-002
 -0.139226802196280     
  4.976521600008599E-002
  5.536546122168129E-002
  3.745032000799242E-002
 -0.279579628953099     
  1.641234864940255E-002
  2.964097949551259E-002
  2.817753475734064E-002
 -0.471244542348440     
  3.279238291219144E-002
  5.192864126108088E-003
 -7.991208561616592E-002
  2.834310921405347E-002
  4.512116765072682E-002
 -0.237989777368744     
  0.166079661461254     
  2.992371235715519E-002
  9.559473578168287E-002
  7.721061303074628E-002
  7.992319578454887E-002
  5.201438377333101E-002
  2.246742229816334E-002
  4.563000188482380E-002
  6.455571905104740E-002
  6.844334067370883E-002
  9.299702103076957E-003
  7.094536846641575E-002
  5.151822594155353E-002
  7.253550291720434E-002
  6.298463836382284E-002
  4.228988891927488E-002
  6.305435419634420E-002
  2.933924129956988E-002
  5.542917157294258E-002
  3.711473445752145E-002
 -0.217794387610934     
  0.161560161081639     
 -0.240571574169737     
 -0.323083363718040     
  3.881410889728132E-002
  3.566149740104041E-002
  4.029218561946635E-002
 -0.108280204998917     
  3.097219944683194E-002
  5.930666833109999E-002
  4.468026981429685E-002
 -0.181614671228415     
  3.557687207282356E-002
  5.105675364075690E-002
  3.861375079411300E-002
 -0.429596894438186     
  1.400613276245166E-002
  3.941137210621282E-003
 -7.611590723301465E-002
  4.018197779612720E-002
  4.901803665155247E-002
 -0.280203562007344     
  0.158098659840712     
 -2.330155168551773E-002
 -4.122310498653192E-004
  5.349565445889570E-002
  6.233770340358946E-002
  4.709901381665782E-002
 -1.768331035176818E-002
  6.139191272440603E-002
  4.797604457627425E-002
  3.640815532419073E-002
 -4.745834257477455E-002
  4.921492925404913E-002
  3.000756751517641E-002
  7.199551340692689E-002
  1.801534427951212E-002
  5.917604776550967E-002
  4.692464170585042E-002
  3.620290205783672E-002
  1.535720495563553E-002
  4.579620990955169E-002
 -0.319738820792220     
  0.167711936400012     
  2.356798565292717E-002
  9.016989733889691E-002
  7.205367764274428E-002
  4.024517450392107E-002
  6.487688989127327E-002
  2.290848673505863E-002
  4.826300121996918E-002
  7.941160814211845E-002
  5.231882845915314E-002
  2.363166615087664E-002
  5.342749440985939E-002
  7.923056434291198E-002
  8.522091727909464E-002
  4.818648984508966E-002
  3.601248280100888E-002
  6.133583368118711E-002
  3.815481952862054E-002
  1.267448643831093E-002
  6.577636303527079E-002
 -0.215256860239154     
  0.164302781708573     
  8.191235318551371E-003
  2.929416971910737E-002
  5.106358900533203E-002
  6.746541255991756E-002
  7.144789822833519E-002
 -3.136891889620763E-002
  5.702001404974189E-002
  5.657484419950809E-002
  6.380912380939263E-002
  6.500455510118908E-003
  6.410306872942673E-002
  6.370723378834620E-002
  5.782318810206988E-002
  1.932629175903289E-002
  4.098105458127610E-002
  5.588679481487757E-002
  2.464290397286861E-002
  5.204146515230668E-002
  2.401453464888970E-002
 -0.195988896187344     
  0.162090858690888     
  1.665922585434210E-002
  8.746880149996805E-002
  7.615752094315487E-002
  6.930785073908330E-002
  4.912232189231303E-002
  2.828768445321606E-002
  6.659844415721661E-002
  5.422882757984948E-002
  6.608036238728510E-002
 -6.372713544642750E-003
  5.539683518803895E-002
  6.047874678790588E-002
  5.444229801011280E-002
  5.579685570640214E-002
  7.083481696600702E-002
  6.736636264826101E-002
  2.079629426572005E-002
  5.540951886421319E-002
  7.848075979905889E-003
 -0.240271803754415     
  0.153962106219824     
 -0.112791790169914     
 -0.104686847823605     
  6.934036233364627E-002
  2.857942218861953E-002
  5.080263204373592E-002
 -1.594013752838563E-002
  6.158435470038570E-002
  2.521981404815610E-002
  8.939632904128902E-002
 -0.218715391610257     
  2.085139816071202E-002
  3.403264124490879E-002
  4.437679925956173E-002
 -7.498450448919591E-002
  5.681302900243479E-002
  5.209198526143910E-002
 -7.057247659680854E-003
  1.416092568458194E-002
  1.013606438754500E-002
 -0.342779858542839     
  0.153331305622643     
