 -0.162116589553725     
  0.215293127906854     
 -0.433211607006146     
 -0.485819641237845     
  4.118690448415951E-002
  2.922206351889733E-002
  2.120379817860396E-002
 -0.149020534557303     
  0.148604780786681     
 -0.446563367496593     
 -0.541142859294569     
  1.725698434068357E-002
  1.463092828866064E-002
  3.238348103286737E-002
 -0.161248074996554     
  0.145825986743100     
 -0.511328439230752     
 -0.524212354463844     
  3.899759420688498E-002
  2.311256920142546E-002
  1.312917705872396E-002
 -0.155276806768828     
  0.189715322840706     
 -0.465144086271767     
 -0.482032035361235     
  4.556602810110455E-002
  2.410832227725679E-002
  9.720228513519502E-003
 -0.172649860070485     
  0.161883691400657     
 -0.492731606829269     
 -0.538014967250537     
  3.780785253518659E-002
  8.370314606319540E-003
  8.351529741106423E-003
 -0.152316039365142     
  0.132768199410436     
 -0.521869317508807     
 -0.528939512319479     
  2.916980517012246E-002
  2.856847004584817E-002
  2.466983399839306E-002
 -0.171150224047447     
  0.186318075366684     
 -0.481842147745080     
 -0.571250697984612     
  1.682438573647838E-002
  2.336430238361820E-002
  1.896447850477778E-002
 -0.157619059260671     
  0.162939339710840     
 -0.513011498403099     
 -0.561675397846618     
  9.984852063601446E-003
  3.516527285498838E-002
  3.619679032418299E-002
 -0.144754415609840     
  0.141738304600350     
 -0.563060981971721     
 -0.457143453605935     
  2.643466050911947E-002
  2.893987272814258E-002
  3.814152861293341E-002
 -1.534184814163897E-002
  0.184872951072628     
   1.23810218656593     
 -0.324924888560495     
  2.312742474891083E-002
  4.014088527731186E-002
  4.350373749669856E-002
 -0.163370844684247     
  0.193229571108155     
 -0.473284830929408     
 -0.355586444438003     
  2.828413639345717E-002
  3.251230700695829E-002
  2.888398762349320E-002
 -0.154895778196387     
  0.149852146542161     
 -0.487093223152665     
 -0.492502467611402     
  3.272180713090411E-002
  2.006449511462916E-002
  1.895570571863670E-002
 -0.133264656230509     
  0.157915144511223     
 -0.539429904598382     
 -0.544967840262129     
  1.252375085461588E-002
  4.508347166556781E-002
  2.562787804402111E-002
 -0.108649255402242     
  0.167377230935815     
 -0.447711599277381     
 -0.538650126353985     
  2.218292833056101E-002
  3.160807972153301E-002
  4.725673875441905E-002
 -4.329155806225504E-002
  0.150169943145140     
 -0.410978369380651     
  0.428643202063968     
  3.977380272858522E-002
  3.164207782091799E-002
  3.548747682280662E-002
 -0.147087745663554     
  0.138160768722815     
 -0.548916649698689     
 -0.510121537654638     
  3.286698893242390E-002
  4.353443929626777E-002
  3.469958480483470E-002
 -0.185251382552230     
  0.149295603164051     
 -0.540071769315455     
 -0.491739185983659     
  3.685550253019898E-002
  1.722193929288995E-002
  3.508620835729781E-002
 -0.150104412303382     
  0.146650375434273     
 -0.585947156908643     
 -0.468594362113709     
  4.617782628879852E-002
  2.564156163366704E-002
  2.427312302515738E-002
 -0.168887440518549     
  0.145285162576360     
 -0.476606145323903     
 -0.549000943375217     
  2.190160416838438E-002
  2.614470492269216E-002
  2.086092439263421E-002
  0.245700392857501     
  0.187425128241594     
  0.974046986374904     
   1.17839708434995     
  3.961227041483117E-002
  3.489573497462983E-002
  5.125001878389901E-002
 -0.137166698634513     
  0.170063768346379     
 -0.554263962926337     
 -0.506936026251029     
  5.029736686424213E-002
  3.026024073603262E-002
  1.472897205948454E-002
  8.647780078520029E-002
  0.144365674874588     
   1.27857278416884     
  0.931813483513847     
  4.948797944862982E-002
  3.692229752474174E-002
  4.917087706776757E-002
 -0.139934484439012     
  0.173447847196441     
 -0.517241411866721     
 -0.434718744003349     
  5.315423584422030E-002
  3.752859935698460E-002
  3.542365007849069E-002
 -0.180155358496833     
  0.163111937309405     
 -0.525070519432959     
 -0.513941904426202     
  3.161926505423607E-002
  1.955170496850933E-002
  3.254116456417022E-002
 -0.139084050021279     
  0.140650824715376     
 -0.547820766274899     
 -0.392315945385777     
  4.326659136666644E-002
  1.125120718016237E-002
  3.385611054591642E-002
 -0.131799320755690     
  0.130988298089100     
 -0.511817076284285     
 -0.541920264215226     
  3.094930539665464E-002
  3.287982314267446E-002
  3.128799441005270E-002
 -0.153359703192417     
  0.167827476306239     
 -0.516681704622313     
 -0.542965797582290     
  1.092818408076257E-002
  2.907740124366109E-002
  2.556040539597126E-002
 -0.138608653986353     
  0.208455951145206     
 -0.410323001446406     
 -0.449618176500867     
  4.397912373103996E-002
  2.826286360625718E-002
  3.962361971781192E-002
 -0.150778338030106     
  0.182694870426108     
 -0.459258133709384     
 -0.436792034801092     
  4.424917404964535E-002
  4.439418968984044E-002
  2.496061346001388E-002
 -0.168022255307486     
  0.207020792720539     
 -0.444765674987197     
 -0.375893610495944     
  2.787370179193516E-002
  3.370794880603822E-002
  2.374640104082459E-002
 -0.128242295711185     
  0.186317307898946     
 -0.411059834631986     
 -0.541013366466024     
  4.377617816491874E-002
  2.147331829802190E-002
  4.519638429937334E-002
 -0.146043457945688     
  0.174156351581435     
 -0.522603823258896     
 -0.560515808565957     
  3.617454961280575E-002
  2.955640405803517E-002
  2.009534636287313E-002
 -0.164540380984828     
  0.211625592729382     
 -0.376139217739427     
 -0.407894866440915     
  1.150730991447824E-002
  2.170880571192502E-002
  5.819381292467729E-002
 -0.138155411491454     
  0.162021234356076     
 -0.544693880598031     
 -0.530865280503970     
  2.995261536735372E-002
  2.997069360099658E-002
  2.949100315670061E-002
 -0.147655573956932     
  0.144250010174781     
 -0.510797416119907     
 -0.572629936855587     
  6.289852749976244E-002
  1.643442364800540E-002
  3.186964462208541E-002
 -0.151546791040783     
  0.137915683706767     
 -0.531543529128222     
 -0.491503319883713     
  4.104051548581233E-002
  5.387443840048745E-003
  3.467867564897642E-002
 -0.128581624984580     
  0.189594186252694     
 -0.518283575966188     
 -0.369012222679808     
  4.038052872275644E-002
  3.286666410003947E-002
  3.045366461040400E-002
 -0.159126508038476     
  0.194263322751654     
 -0.399434803551570     
 -0.458216538405437     
  3.309126817116537E-002
  2.313825963733940E-002
  3.403870899673789E-002
 -0.161921454849590     
  0.191990569153419     
 -0.510762859454332     
 -0.490988248465086     
  3.312238332198425E-002
  3.784505378878711E-002
  2.595884670083393E-002
 -0.139833986876345     
  0.177209555099094     
 -0.432602510014901     
 -0.515185653646032     
  1.599980533025103E-002
  3.356718947956328E-002
  4.405756623656387E-002
 -8.004549465251198E-002
  0.154797495512672     
 -0.523146920784830     
  6.266557636760162E-002
  3.344951958567244E-002
  3.088145354124827E-002
  3.814841905200506E-002
 -0.155504517170708     
  0.133134927973963     
 -0.525247936191162     
 -0.516201784794037     
  3.525621664880874E-002
  3.057418502143372E-002
  3.362205498181492E-002
 -0.141925531857133     
  0.173343729290189     
 -0.417943707580347     
 -0.526627619193476     
  3.355069957509194E-002
  2.815259143011173E-002
  2.864129150221084E-002
 -0.137217996123461     
  0.154190831722119     
 -0.427732455596736     
 -0.459182248407097     
  2.135813711653378E-002
  4.604581711283762E-002
  4.079601333623850E-002
 -0.176724172193230     
  0.130917676467744     
 -0.553086796499963     
 -0.465375179453839     
  2.777775193547805E-002
  1.816771810834161E-002
  2.885296499717194E-002
 -0.134744648240112     
  0.205706616900807     
 -0.499765517519607     
 -0.366080120250611     
  2.595583437653703E-002
  2.339210876035469E-002
  3.534176443912762E-002
 -0.142220882578029     
  0.200948832639491     
 -0.446065266782618     
 -0.394160559832777     
  2.605600514719109E-002
  4.263477777549229E-002
  4.277791377832718E-002
 -0.131714667196984     
  0.225673106341846     
 -0.343920235659201     
 -0.408069837034848     
  2.568173345009994E-002
  3.486249856254542E-002
  3.845378026678437E-002
 -0.161863019673115     
  0.156585183241519     
 -0.475066937679277     
 -0.537973528942382     
  1.369885210881083E-002
  1.324124379555813E-002
  2.043040306256239E-002
 -0.183050960781617     
  0.174121354922814     
 -0.482163187046744     
 -0.529549198700638     
  3.219655956054468E-002
  4.667294403307487E-003
  2.632776439876172E-002
 -0.168146602098864     
  0.155302832650752     
 -0.470462425527924     
 -0.574861193802612     
  2.565894541997504E-002
  2.790475473919729E-002
  1.313298802025231E-002
 -0.114773952251135     
  0.164034268920433     
 -0.538009994538223     
 -0.401337086487856     
  2.934529126197294E-002
  4.886115533641977E-002
  4.098607089193296E-002
 -0.153387688027879     
  0.219913308098817     
 -0.444729570424154     
 -0.350896579673499     
  2.358655922088881E-002
  3.727511979552001E-002
  3.617136221414585E-002
 -0.167756160378239     
  0.154593040137839     
 -0.560742903674750     
 -0.498152163435058     
  7.628581386867395E-003
  3.924659168042777E-002
  4.340753078848536E-002
 -0.126143705426134     
  0.140924285816787     
 -0.528176188416587     
 -0.533496102720803     
  4.412420895286095E-002
  1.985413868834895E-002
  4.128675249540570E-002
  1.751288114907767E-002
  0.150251786605133     
 -0.430472899975999     
   1.22765472189229     
  2.943120222434137E-002
  3.500181213845865E-002
  3.648041085129949E-002
 -0.159407965159232     
  0.131509060467963     
 -0.576675342444368     
 -0.455501228923510     
  3.503033400914912E-002
  5.088647491555021E-003
  3.589600356291955E-002
 -0.167301088719472     
  0.176590187177514     
 -0.553467139886241     
 -0.505766022255737     
  2.030673776657166E-002
  2.758723003991059E-002
  2.309564761090432E-002
 -0.139119321218680     
  0.118754491305245     
 -0.503474336563069     
 -0.553835896691279     
  1.991418264650779E-002
  4.034470977984594E-002
  2.520316083097707E-002
 -0.138928865004733     
  0.199755587135545     
 -0.498793445786314     
 -0.382677023120543     
  1.591317864056652E-002
  4.902741773715658E-002
  8.532966053399038E-003
 -0.172894615319183     
  0.146208280121296     
 -0.522197788149073     
 -0.539182832851280     
  4.188305326568142E-002
  3.681979048487105E-002
  2.667778578172608E-002
 -0.115346290414123     
  0.252332925040724     
 -0.325004061385742     
 -0.309074885320800     
  1.991892486374947E-002
  4.189490159785725E-002
  5.157099839627299E-002
 -0.169666954393813     
  0.162567979765119     
 -0.477555746038001     
 -0.412357514191917     
  2.860716523273510E-002
  3.571784547352919E-002
  3.094199090837835E-002
 -0.145298187618586     
  0.145214834190731     
 -0.510029715896184     
 -0.542693406433504     
 -3.944034710428035E-003
  2.105734121384872E-002
  4.208390331405187E-002
 -0.157882233132067     
  0.171270433865490     
 -0.503389736858932     
 -0.543817564949228     
  2.311059830736450E-002
  2.763463666701571E-002
  2.986453276987366E-002
 -0.156492164193891     
  0.148386567513105     
 -0.552406815320562     
 -0.514108525530369     
  4.425364719853164E-002
  2.879277159557625E-002
  2.169729212852534E-002
 -0.119524806460168     
  0.218142760500400     
 -0.415153970822711     
 -0.368154009443073     
  3.884340825730803E-002
  2.540204163639792E-002
  3.886847234640389E-002
 -0.133293507537370     
  0.140810491298374     
 -0.525401635240126     
 -0.540161675317779     
  3.904800725040880E-002
  1.775389720587217E-002
  3.646558098461139E-002
 -0.147912040088315     
  0.163163818861195     
 -0.562425737496780     
 -0.524825846152459     
  3.181653584636257E-002
  4.024619461933188E-002
  3.311650437324798E-002
 -0.138067388815325     
  0.237787611821648     
 -0.278454585683412     
 -0.495039583227043     
  4.456161485649535E-002
  2.483022384152012E-002
  4.348515186815949E-002
 -0.164986274026497     
  0.160370950527133     
 -0.533142305843708     
 -0.493147068650450     
  1.210997827247784E-002
  2.451295896198757E-002
  3.189702772346636E-002
 -0.138921713138814     
  0.155673793056623     
 -0.500098857073330     
 -0.519733303367675     
  4.160888763875314E-002
  3.751515595591415E-002
  2.569552788399565E-002
 -0.145398097186858     
  0.156095491246679     
 -0.532421977083636     
 -0.542956231521512     
  3.871465446910716E-002
  9.255311413192691E-003
  4.645287068579151E-002
 -0.158960710560434     
  0.188159125267024     
 -0.472268902812090     
 -0.455977809265510     
  1.559307357211637E-002
  2.194381842327064E-002
  2.710691550285949E-002
 -0.148803101063949     
  0.183455881750137     
 -0.527041237839784     
 -0.400044945484456     
  2.191929444131169E-002
  4.241148223730018E-002
  3.439518688001209E-002
 -0.125797213667406     
  0.191326508373420     
 -0.470278802821095     
 -0.455187327607340     
  1.654183775833284E-002
  3.164490689119037E-002
  3.460903642330104E-002
 -0.128678819195221     
  0.149036289532768     
 -0.400107468066921     
 -0.452368324160854     
  3.510342696077695E-002
  4.139935967359221E-002
  3.770945950406379E-002
 -0.139973777879170     
  0.197945836968568     
 -0.424573074119728     
 -0.461119002832894     
  4.044228099699421E-002
  3.936309074972899E-002
  4.059777327067848E-002
 -0.152732759818369     
  0.177353105893790     
 -0.495561137455669     
 -0.415246660611998     
  6.701128865661432E-003
  3.270228183754542E-002
  2.893042975616855E-002
 -0.121282238060137     
  0.202915377413987     
 -0.402072803907805     
 -0.343855372986799     
  3.387678582405107E-002
  5.390691806966197E-002
  4.755975879904650E-002
 -0.155308493294768     
  0.159149670497810     
 -0.559071864540948     
 -0.530308992794975     
  4.121768199000930E-002
  3.308322208436476E-002
  3.167708698735061E-002
 -0.187408534366527     
  0.201144198642623     
 -0.504459396892223     
 -0.391955449620207     
  2.572074029212013E-002
  1.224908380890832E-002
  2.584163033585418E-002
 -0.152278112910595     
  0.202306500397115     
 -0.383327693188844     
 -0.363885492064980     
  3.988301664560623E-002
  3.629602877644633E-002
  2.935209842466446E-002
 -0.148394684117966     
  0.161978724463268     
 -0.455385613088947     
 -0.508268519251716     
  1.996733379198112E-002
  2.935384163083976E-002
  3.788292209692967E-002
 -0.169588554144138     
  0.167094286747975     
 -0.521130639214703     
 -0.499719859389391     
  1.600264611950708E-002
  2.617140320447653E-002
  1.788896167311749E-002
 -0.123476811392724     
  0.152074225384931     
 -0.356399275194469     
 -0.507806879739560     
  3.758219966775223E-002
  2.404088800679560E-002
  1.089303358672467E-002
 -0.138338716223900     
  0.172691723845647     
 -0.549275650658282     
 -0.517417299920467     
 -5.394278165658850E-003
  2.451704447522840E-002
  3.660626092206487E-002
 -0.140681442831382     
  0.178004452855868     
 -0.409647897630474     
 -0.433711273595357     
  2.963500406955832E-002
  3.160105377812583E-002
  4.173798277683261E-002
 -0.129705246821956     
  0.159373165045664     
 -0.421779732978869     
 -0.454219812673458     
  2.996973449774065E-002
  1.689207278257554E-002
  4.923770652124493E-002
 -0.166823180474326     
  0.171175589325632     
 -0.536565010401496     
 -0.522968674929486     
  4.068862751427638E-002
  3.774807322181128E-002
  2.310868547448197E-002
 -0.155704555186653     
  0.153888894140969     
 -0.490229809408643     
 -0.536953731396255     
  4.017599811742323E-002
  8.271795068302445E-003
  1.491539962979582E-002
 -0.145779562519581     
  0.148905018173805     
 -0.493346286761765     
 -0.471355879612561     
  4.430618181422252E-002
  5.579213499463298E-002
  4.054167632948191E-002
 -0.151477263798969     
  0.176464697870014     
 -0.502307514882741     
 -0.420208405809511     
  2.229605537119039E-002
  3.600016425666186E-002
  2.696888844780276E-002
 -0.142690888220731     
  0.173404828232272     
 -0.397120863900786     
 -0.545916484846485     
  2.320631500463921E-002
  3.638441742191689E-002
  3.079619494482155E-002
 -0.178091864749574     
  0.145991226482909     
 -0.483045613276644     
 -0.547844274598249     
  3.018054647322366E-002
  2.400713954698097E-002
  2.046713274937495E-002
 -0.170483222749570     
  0.139857252613396     
 -0.534329573083478     
 -0.450003119039364     
  9.768068091319915E-003
  2.778021494137639E-002
  2.068653229269701E-002
 -0.155889307181925     
  0.167321447987471     
 -0.498859191419569     
 -0.564341813632180     
  4.579456483216926E-002
  9.978690254009104E-003
  2.277945150280414E-002
 -0.146510697109268     
  0.136431372041930     
 -0.541224254213536     
 -0.538197662310423     
  2.338043151970104E-002
  4.161400921256342E-002
  3.269089606016307E-002
 -0.132434097624251     
  0.217199206158889     
 -0.380669775143582     
 -0.361630618874032     
  4.491229289955689E-002
  2.489749683527143E-002
  2.220241564968761E-002
 -0.159169877158482     
  0.160553558314465     
 -0.556086774126198     
 -0.481843907923361     
  1.562160413506697E-002
  9.560100700340524E-003
  3.215108532251720E-002
 -0.125839658529044     
  0.152110532883758     
 -0.510151261160814     
 -0.571826426826706     
  3.135750538802917E-002
  4.596968412527758E-002
  1.391092675354400E-002
 -0.152061574814011     
  0.155892991436844     
 -0.579676953726291     
 -0.467766674266771     
  4.936438143948685E-002
  2.251865819681198E-002
  1.082463253708088E-002
 -0.169898242327780     
  0.187442447144649     
 -0.548515425973018     
 -0.517155923446474     
  2.890490653934508E-002
  1.865954533349878E-002
  1.498985186975776E-002
 -0.154686400766437     
  0.150003659641571     
 -0.521728311783718     
 -0.535994012100650     
  3.380808342036512E-002
  2.993676294911451E-002
  2.847153515593903E-002
 -0.154579646917810     
  0.174455085583956     
 -0.497517423589092     
 -0.428842775040621     
  2.043232977381748E-002
  3.672939820886423E-002
  2.229685729277575E-002
 -0.174035693750200     
  0.163411268156984     
 -0.512332314590849     
 -0.550411619985179     
  3.489810736369303E-002
  2.617626339813539E-002
  2.192188722396382E-002
 -0.159319981020322     
  0.138694770154000     
 -0.540579130939292     
 -0.508281992986337     
  3.229858886284287E-002
  2.865005810874488E-002
  3.535954825474352E-002
 -0.154057736958712     
  0.170191962972487     
 -0.528175639371259     
 -0.531089219951996     
  2.775312004435215E-002
  2.465390449605265E-002
  3.648654045001520E-002
 -0.142722202923864     
  0.124089159759988     
 -0.525021324435047     
 -0.550623723757259     
  3.746447759027272E-002
  3.622519736046181E-002
  2.471201275831714E-002
 -0.145185581125132     
  0.201383248301792     
 -0.456901257876986     
 -0.499332526850246     
  4.393611876299275E-002
  3.736294924619765E-002
  4.829191327605020E-002
 -0.145407986416769     
  0.148303971806659     
 -0.490868993000841     
 -0.584925250351398     
  4.516403124421886E-002
  1.888413814525269E-002
  3.645276199000147E-002
 -0.136516532543572     
  0.210629649384716     
 -0.412212288804637     
 -0.370530608078283     
  5.091037324660164E-002
  3.365147792292589E-002
  3.207058407331698E-002
 -0.161533049551297     
  0.186777783062465     
 -0.438451088908294     
 -0.512010020247522     
  2.935359074847332E-002
  2.251545245150899E-002
  1.561607265981779E-002
 -0.131927767972226     
  0.190384854125465     
 -0.484920189304765     
 -0.473032562365824     
  3.007067891135606E-002
  3.393498864157452E-002
  3.638597396781551E-002
 -0.147154154625555     
  0.168476714708519     
 -0.525232954620531     
 -0.552736038799445     
  2.670262519982014E-002
  4.512092366422960E-002
  1.846411053379560E-002
 -0.145605416371434     
  0.211452126512122     
 -0.374817703762046     
 -0.376143264742100     
  3.454494369447247E-002
  3.156272172871322E-002
  4.100637524278250E-002
 -0.164284257046419     
  0.201279662451158     
 -0.510453567237173     
 -0.394698070863678     
  2.824122645717864E-002
  3.188214450621041E-002
  3.439623896585842E-002
 -0.147179507063846     
  0.156720334801076     
 -0.536264402641522     
 -0.507419834894098     
  2.070647961097005E-002
  2.542851390807876E-002
  3.357682746268331E-002
 -0.117255134882004     
  0.177742595764402     
 -0.443829058254452     
 -0.514157119281317     
  3.369038919380785E-002
  3.528221168531953E-002
  1.525660223578085E-002
 -0.125461824878744     
  0.184746904216642     
 -0.417867779195237     
 -0.549170867383256     
  1.840427414252643E-002
  3.799561095605930E-002
  5.986161267914503E-002
 -0.136544604318842     
  0.188995293716539     
 -0.519409641113545     
 -0.458790536716961     
  2.172758924177198E-002
  3.717476948191822E-002
  3.273581868337294E-002
 -0.149668220241787     
  0.167145638181040     
 -0.534373126102897     
 -0.535864522602865     
  3.214693481345987E-002
  2.752161881867332E-002
  3.188923963315737E-002
 -0.157815662608615     
  0.174855900638728     
 -0.401468418336589     
 -0.361994374525153     
  1.128542287622269E-002
  3.894399052727560E-002
  1.933781692577785E-002
 -0.160114563546356     
  0.159902550863616     
 -0.552828153982190     
 -0.492872766965831     
  2.256098203236079E-002
  2.174748631106782E-002
  3.906593457699936E-002
 -0.131279081268672     
  0.176194173871885     
 -0.515574867902415     
 -0.399258040380920     
  2.423615126922052E-002
  4.155198516932046E-002
  4.244207911152931E-002
  5.653407175885494E-002
  6.488875885600986E-002
  6.320088062674811E-002
  7.669448164243176E-002
  5.892056811446911E-002
 -9.088162090919560E-003
  5.700330009610022E-002
  7.274294425011607E-002
  5.381685928095625E-002
  1.966041133507845E-002
  6.581346970554758E-002
  6.269735307941593E-002
  6.953825708079941E-002
  4.687184307070469E-002
  7.225732338133484E-002
  4.456340220596122E-002
  2.101876086769838E-002
  3.209374989448499E-002
  4.538685818513044E-002
 -0.312808042890321     
  0.159564566694822     
  2.778792326997070E-002
  7.099519008407285E-002
  7.831935143333457E-002
  4.954099000240086E-002
  5.700682993180994E-002
  2.828846917608541E-002
  6.005016461899659E-002
  6.316413374559726E-002
  5.979869977220764E-002
  1.495216996245086E-002
  5.661294418539831E-002
  6.060925127726979E-002
  6.924505942296488E-002
  3.987032737861185E-002
  5.150045749325260E-002
  5.833432415872064E-002
  3.078845445604239E-002
  4.635169784243398E-002
  2.799205073840005E-002
 -0.267031878929910     
  0.160702227827703     
  1.002447155455499E-002
  9.475533409681347E-002
  6.457105632329019E-002
  6.603232564416039E-002
  5.999376683141444E-002
  3.042097415392941E-002
  7.335895794551328E-002
  6.143569201338039E-002
  6.438767424950409E-002
  3.009696882882995E-002
  5.902380331610602E-002
  5.442604386274175E-002
  6.599520040651563E-002
  4.959622300518340E-002
  3.702863569298687E-002
  5.175511412962164E-002
  1.819297004164300E-002
  4.256410484751816E-002
  4.453827132412247E-002
 -0.373241651400593     
  0.147131417168312     
  1.201667155410924E-002
  7.131840851148308E-002
  5.813490270575217E-002
  7.833002750529683E-002
  4.388427856673449E-002
  2.183397297328282E-002
  7.082081701537168E-002
  5.819626677813305E-002
  8.114636031926514E-002
  2.879918290364403E-002
  4.668735235931243E-002
  6.688001940772881E-002
  5.949078705245825E-002
  5.503680263159794E-002
  6.401726981116440E-002
  4.696229573573141E-002
  4.275798242631357E-002
  2.293499462760951E-002
  3.618204135484682E-002
 -0.249469464811295     
  0.168242878018809     
  9.125032330074667E-003
  5.861459262360036E-002
  5.211272283300084E-002
  7.042799780319053E-002
  7.181566534449924E-002
  1.736716210918043E-002
  6.691215984518495E-002
  6.394451477696039E-002
  5.555394782331680E-002
  1.298853583560522E-002
  5.875866863598078E-002
  4.886183338953387E-002
  7.220400124987381E-002
  2.885411339668753E-002
  5.808603243722410E-002
  7.305218199982433E-002
  2.428774831280478E-002
  3.423173454938777E-002
  4.016084829723898E-002
 -0.300065350845336     
  0.160722338043846     
  1.051764679911482E-002
  0.108339014278000     
  6.521643037744507E-002
  6.515430308804837E-002
  7.258019577960251E-002
  1.873075762813370E-002
  5.616375667910201E-002
  7.085272332762049E-002
  4.388182136803986E-002
  1.355305296051812E-002
  5.431800438609369E-002
  7.206104799614166E-002
  7.171907456591520E-002
  4.166014610216351E-002
  5.549995088645454E-002
  4.101666152502159E-002
  1.471050366252591E-002
  2.352093006993428E-002
  5.832324773186370E-002
 -0.313977397241274     
  0.153617991030844     
  3.326459682118310E-002
  9.493181692193442E-002
  7.173164423709866E-002
  5.989013213988037E-002
  5.622579516167558E-002
  2.548115207266877E-002
  6.610542201896430E-002
  4.995806104146194E-002
  7.525164966215747E-002
  4.360535363826212E-002
  6.669344057958226E-002
  7.328634244223775E-002
  4.109671436677820E-002
  3.202144662727324E-002
  7.489686203302315E-002
  5.072012223499878E-002
  2.601085215042120E-002
  2.983582399819629E-002
  3.742296027321890E-002
 -0.243434055427428     
  0.169370583386415     
  2.003847598826436E-003
  7.954353434742423E-002
  5.587512117654847E-002
  4.161061955469170E-002
  6.585117129697704E-002
  2.666787173643614E-002
  4.622071409278161E-002
  6.241389097501238E-002
  7.289382269067646E-002
  2.255267470825117E-002
  4.751450920323930E-002
  4.602136271350554E-002
  8.603538093253849E-002
  2.369703731755912E-002
  5.825091606403277E-002
  5.633986989846507E-002
  2.515329977013048E-002
  3.101351988825907E-002
  3.179390699400075E-002
 -0.319950537509563     
  0.152257763720658     
  3.175441722863726E-002
  7.197093391376708E-002
  6.800604517600384E-002
  6.681033239064882E-002
  4.642679109478431E-002
  2.428863619254651E-002
  6.367999689169268E-002
  6.823164135302717E-002
  5.202936521581947E-002
  3.693740593210482E-002
  6.708616174730231E-002
  6.535654683086634E-002
  6.196039884039162E-002
 -1.104768154760283E-002
  5.611543873456604E-002
  7.174467778814508E-002
  3.315398540075121E-002
  3.215830804650743E-002
  6.419152502948466E-002
 -0.247159353465493     
  0.160702873864118     
  3.319349541861349E-002
  9.481218045015360E-002
  3.616466777321237E-002
  7.423996351919770E-002
  6.885213251350319E-002
  1.017673127649799E-002
  7.574282853379100E-002
  6.284011945091317E-002
  5.364415379268450E-002
  2.345318907482818E-002
  6.470677917589962E-002
  7.657026830734437E-002
  4.607153813385390E-002
  2.521918571788984E-002
  3.123136442537200E-002
  4.847059227637118E-002
  4.602131537474108E-002
  2.925717066121991E-002
  5.037649612216910E-002
 -0.311652624197744     
  0.159639941050476     
  3.215617191543574E-002
  9.379340666654645E-002
  4.659227735954807E-002
  0.105440997929039     
  4.067387247150001E-002
 -1.452653211309496E-003
  6.411086844282887E-002
  7.013097398857726E-002
  4.873842763556624E-002
  2.276069450843687E-002
  5.514013385022920E-002
  5.306809357621700E-002
  8.247745588446209E-002
  1.910699959546092E-002
  5.463261568378852E-002
  5.293411238620471E-002
  2.391299835633243E-002
  5.731199568733514E-002
  5.858026558339469E-002
 -0.314023378755163     
  0.166339620690377     
  2.324125891286233E-002
  8.924167830434371E-002
  6.454807777526272E-002
  6.134871034849643E-002
  6.104383968480231E-002
  2.291922114619904E-002
  6.941991054437302E-002
  6.804913567421234E-002
  6.192043214723830E-002
 -2.083919523120592E-003
  5.900935972741117E-002
  4.754551159534703E-002
  6.509204298072491E-002
  4.682768697228257E-002
  6.666846711822161E-002
  5.350652090931174E-002
  1.176887774342283E-002
  4.751767127188800E-002
  3.742894579689193E-002
 -0.314309044849017     
  0.150933635560816     
  2.053167527965805E-002
  0.107454587873422     
  5.116615389905488E-002
  7.888833509711468E-002
  4.868819933212409E-002
  3.545913109945831E-002
  7.006622858858336E-002
  5.545753608323389E-002
  7.593062723412769E-002
  1.275818497667469E-002
  6.320410977902291E-002
  8.520371999885368E-002
  5.378982298107804E-002
  1.897612915823199E-002
  6.211698869921578E-002
  4.423380216202599E-002
  1.868296126813229E-002
  1.166940774732117E-002
  6.009813075118819E-002
 -0.319375320430874     
  0.159401054672563     
 -1.763799447031644E-003
 -6.931521012478292E-003
  5.071838102358228E-002
  8.300969338538999E-002
  5.731774404427203E-002
 -1.681295429309948E-002
  6.642478269453589E-002
  4.171235202634194E-002
  7.610103709617166E-002
 -2.436717278307743E-002
  5.375767675902099E-002
  4.222087176436329E-002
  6.228587580883937E-002
 -3.803698108066111E-002
  7.059028579076276E-002
  3.105122528772397E-002
  2.490104975038232E-002
  1.119033284642357E-002
  4.656666193300385E-002
 -0.180751931783782     
  0.150839737268614     
  2.914568680439622E-002
  8.715880892384220E-002
  5.989519086430151E-002
  6.864071251041837E-002
  5.307170685501750E-002
  4.017138723924063E-002
  7.171147424506841E-002
  6.310022571845475E-002
  6.260242152366580E-002
  3.784285027324685E-002
  5.383530902540989E-002
  6.933448441328616E-002
  7.140938447450995E-002
  8.726438181555274E-003
  5.576131856899325E-002
  3.256248075534585E-002
  3.339248603485157E-002
  4.295490493538101E-002
  4.780851569557898E-002
 -0.251972006277116     
  0.156370172090850     
  1.976823771291336E-002
  8.151135455947323E-002
  6.610648499069427E-002
  5.543440312502501E-002
  6.264238104302289E-002
  2.674259432288473E-002
  6.669448026666380E-002
  5.326785775539422E-002
  6.464710449282618E-002
  2.404398740537461E-002
  6.100710488238403E-002
  7.172822143422841E-002
  6.944234131253368E-002
  3.925565387737073E-002
  4.597945654451907E-002
  5.265173824990221E-002
  2.660435713133635E-002
  2.735258087405334E-002
  3.438908824342468E-002
 -0.293624282330308     
  0.158585439397360     
  1.055649985959084E-002
  9.195331207643509E-002
  8.361684204944619E-002
  5.199014802426516E-002
  6.071996793088763E-002
  2.848296797140515E-002
  5.378206354709836E-002
  5.258415915980930E-002
  6.500609200685747E-002
  1.845496002331393E-002
  7.084304465912605E-002
  5.649498896594796E-002
  5.967710863549747E-002
  5.489509664519954E-002
  6.573496042731386E-002
  6.018001489150782E-002
  1.509884094201164E-002
  4.510145838093849E-002
  3.628743773816012E-002
 -0.256122971188605     
  0.165782870689486     
  6.938071210091978E-002
  0.107560679493016     
  6.425027667533012E-002
  7.292942884505071E-002
  8.258863174279807E-002
  9.544148318676449E-004
  7.072450830535593E-002
  4.246157999779754E-002
  5.120800283725857E-002
  1.239934899960637E-002
  7.137803363009432E-002
  6.897701803472289E-002
  5.799900643906775E-002
  4.012184741291858E-002
  4.957731511126118E-002
  6.178941990264564E-002
  4.107154616264808E-002
  3.331906939857721E-002
  2.187282625665954E-002
 -0.195554216945863     
  0.163460291919740     
  2.139191023370790E-002
  9.179291397054357E-002
  6.071700106451994E-002
  4.954270218859957E-002
  6.479107516459315E-002
  1.479037039121867E-002
  5.778440934817752E-002
  5.725305958782978E-002
  6.585465289883119E-002
  3.984717434384555E-002
  7.249242668782940E-002
  6.385386834689832E-002
  6.710117180977793E-002
  5.184422787843301E-002
  3.856701933329298E-002
  6.186050751414562E-002
  2.218872196249544E-002
  3.399210809712627E-002
  2.326794465133608E-002
 -0.337679796024590     
  0.152141426192255     
  2.732094851438260E-002
  6.417621835591092E-002
  7.205901563116546E-002
  6.602963126549033E-002
  6.924034803158541E-002
  4.234208926990313E-002
  6.390288716942349E-002
  5.289145225044334E-002
  7.164449944121887E-002
  1.094351333812416E-002
  5.877852372433245E-002
  6.557521681509115E-002
  5.494066357985583E-002
  5.378154523322198E-002
  4.451612720250664E-002
  5.826386400312222E-002
  4.033778155708934E-002
  3.474165091125525E-002
  7.155077736926141E-003
 -0.286214403757686     
  0.167854587621375     
  3.734824820704885E-002
  6.783509449776037E-002
  4.936752512821152E-002
  7.111586013246962E-002
  7.153643548658883E-002
  4.525593876208633E-002
  5.817215076884885E-002
  5.368119038376373E-002
  9.138805462641197E-002
  8.869324388177890E-003
  6.135768381211548E-002
  5.293599149063311E-002
  7.731923972651311E-002
  4.501099309051204E-002
  4.238349246684048E-002
  5.119940763205699E-002
  3.949231856428481E-002
  2.271608016266513E-002
  5.174543767950568E-002
 -0.281099378119199     
  0.161730449486192     
  3.436352434095946E-002
  9.257145866718552E-002
  5.560136917287040E-002
  7.644169544958745E-002
  6.077549126677817E-002
  1.123657133263567E-002
  6.962036377472425E-002
  4.831771073517177E-002
  6.940702288565870E-002
  1.987832757367780E-002
  6.828113272405323E-002
  5.666906256945003E-002
  8.229476669960001E-002
  3.537483646679584E-002
  3.633897492202587E-002
  5.857821257392126E-002
  4.020187004459785E-002
  5.521894413546036E-002
  2.974281212023611E-002
 -0.189612348095315     
  0.162398744992516     
  3.571617376674130E-002
  8.530010404192456E-002
  6.739518850067983E-002
  6.340646905033476E-002
  6.037922702498855E-002
  8.071584138809484E-003
  7.179382357042108E-002
  8.033098174493869E-002
  5.021500285895897E-002
  1.292022089739131E-002
  7.057614814402791E-002
  6.873215220958651E-002
  6.256627577290930E-002
  3.286500042933849E-003
  4.108289553257116E-002
  4.100716723112696E-002
  4.539050632943864E-002
  4.161911549413788E-002
  4.445948629294405E-002
 -0.239713561930981     
  0.165165495869190     
  1.838090280849691E-002
  9.492578999570433E-002
  4.961098390767860E-002
  7.624826590555955E-002
  6.452528958398573E-002
  2.616252754558435E-002
  6.296579182645590E-002
  6.841394270503220E-002
  6.878722385677372E-002
  2.768774651582673E-002
  2.846698089566035E-002
  7.468194151126084E-002
  8.338153492386480E-002
  4.638610128056930E-002
  3.574150265609211E-002
  6.048034600433816E-002
  1.796302221514301E-002
  5.588549821244815E-002
  3.797674857421018E-002
 -0.332301994219121     
  0.155531860346800     
  1.249464803524214E-002
  7.661101423681949E-002
  4.853180351309094E-002
  7.468969229049427E-002
  5.478077850847851E-002
  3.579408196229705E-002
  6.393390571376178E-002
  6.936719511646816E-002
  5.948013541388186E-002
  1.195379111848993E-002
  6.894690022952343E-002
  4.815761992548229E-002
  7.010154739086938E-002
  5.077291620195767E-002
  5.473648885526206E-002
  5.270652200086712E-002
  3.351784574111383E-002
  1.855481923778812E-002
  4.894068444320987E-002
 -0.297452799782651     
  0.147801474336018     
 -0.312256895135438     
 -0.301941240884264     
  1.284365387260900E-002
  4.894311560765841E-002
  2.678818197219435E-002
 -0.275296165385463     
  1.987810370825549E-002
  3.084921084629466E-002
  3.316292705619195E-002
 -0.172782211714105     
  6.041440425637401E-002
  2.954533332156140E-002
  3.499799267521053E-002
 -0.238937878773240     
  2.348791920270410E-002
  5.198272701519946E-002
 -2.103075106586427E-002
 -1.096743428380464E-002
  5.757432780033234E-002
 -0.240927181292525     
  0.163380785699712     
 -2.360892324436037E-003
  7.962062321444829E-002
  7.955190600204576E-002
  5.013113338427344E-002
  6.304969627651758E-002
  4.273930455261210E-002
  7.202679823262315E-002
  6.146828677321337E-002
  4.702122842524370E-002
  8.841278676442244E-003
  5.036239330104186E-002
  6.529570525197081E-002
  6.737043317612246E-002
  6.182824539294263E-002
  4.299261282339828E-002
  4.389890520407058E-002
  4.274405600502806E-002
  4.538451486074757E-002
  3.971253105421024E-002
 -0.284606966235400     
  0.170307413425324     
 -2.862342934213835E-003
  8.228945967482648E-002
  7.935530839337446E-002
  4.384172536600672E-002
  5.754330746279879E-002
  3.062005090949205E-002
  6.651374724486270E-002
  6.735970303505157E-002
  6.050386918679074E-002
  3.182880512000219E-002
  9.439526002721466E-002
  5.047193018165685E-002
  6.388507147090305E-002
  3.107817917286271E-002
  6.335230214447762E-002
  4.952059277172993E-002
  3.256501346599450E-002
  3.244522112560744E-002
  3.196910027435662E-002
 -0.301627633239166     
  0.166902016680210     
 -8.181011958072482E-002
 -0.325105739038647     
  4.497223964678387E-002
  5.461972763155476E-002
  4.528635321055507E-002
 -9.045891203258005E-002
  3.960069158302615E-002
  6.626810396330185E-002
  5.571714255650506E-002
 -0.189640260774183     
  3.771156754207228E-002
  5.006922153069837E-002
  1.338913077752613E-002
 -0.589855480666956     
  3.181136567786214E-002
  1.096962103939814E-002
 -0.104858033376277     
  1.537054135518445E-002
  4.096228264141188E-002
 -0.261005794189235     
  0.161319102177949     
 -5.394884203663075E-003
  0.107950855085732     
  5.798231318289937E-002
  5.688532706294880E-002
  6.960750117553072E-002
  2.478425601762657E-002
  8.209516861207788E-002
  6.911152976864143E-002
  5.479947185849077E-002
  1.185637343145274E-002
  5.864836788746697E-002
  6.324703203752313E-002
  5.784384132902609E-002
  5.929028214742704E-002
  5.886029621158873E-002
  4.295816653311735E-002
  3.772589937012061E-002
  4.308283671038493E-002
  4.697188377025452E-002
 -0.267716539861264     
  0.161471423227695     
  1.506313644947888E-002
  9.356890164326614E-002
  6.935106690427484E-002
  6.070257340947594E-002
  6.498959560272366E-002
  1.812715780351271E-002
  7.593451329032663E-002
  6.920884543274752E-002
  4.989428285829467E-002
  1.908919565146494E-002
  5.091738966979320E-002
  5.866251812651957E-002
  6.383707536623118E-002
  8.676371779174197E-002
  7.281957178562992E-002
  6.964250180428744E-002
  2.236028104854926E-002
  5.126122286080803E-002
  3.365521690788287E-002
 -0.219559684102109     
  0.150995662769693     
  2.780846589770380E-002
  8.013588184900833E-002
  7.014969861072362E-002
  5.947883100226137E-002
  5.146136003610480E-002
  1.342510602975899E-002
  6.786043155767651E-002
  6.618410135799657E-002
  6.259137572186213E-002
  3.776150089440389E-002
  5.865341296859450E-002
  7.472084350206376E-002
  5.971533873270296E-002
  1.287360581669095E-002
  5.263346863484053E-002
  7.724660621846779E-002
  3.515185702249646E-002
  4.906478221794197E-002
  4.591384980773994E-002
 -0.191365873668587     
  0.161677312330160     
  1.054798075394991E-002
  9.004981711866211E-002
  7.165470119705097E-002
  5.951635905582897E-002
  5.548285676053999E-002
  4.137029358748023E-002
  8.028043020341913E-002
  7.089342271374499E-002
  4.928703893546293E-002
  2.762990020589129E-002
  5.657873768649890E-002
  6.237829964188912E-002
  6.009450031413743E-002
  9.346032729582454E-003
  6.081621814067995E-002
  4.638599636818708E-002
  4.167746581318843E-002
  3.224239088701941E-002
  2.821610423691290E-002
 -0.283642710761951     
  0.158308173481867     
  8.803694926736050E-003
  8.313267431830429E-002
  4.492890915424785E-002
  7.213768704085777E-002
  7.408271529577692E-002
  1.805383968505447E-002
  5.266016382539496E-002
  5.175446502308578E-002
  6.113859091655960E-002
  3.286436070274279E-002
  5.179178968818354E-002
  5.979007031098038E-002
  6.760683559596448E-002
  5.501696992187055E-002
  7.811698598202088E-002
  5.261570270520610E-002
  2.850581457236023E-002
  3.690550354812694E-002
  1.927427674961646E-002
 -0.212352806832488     
  0.174021369845316     
  4.940499567113843E-003
  6.657222281400710E-002
  5.844014904298667E-002
  4.779557316551508E-002
  6.550103583612399E-002
  1.684490226147917E-002
  7.153139446427437E-002
  5.088196479892737E-002
  5.864507323031498E-002
  1.848840284879083E-002
  5.512645191686460E-002
  7.664439875012208E-002
  6.470298908824446E-002
  2.798509106231029E-002
  7.074206010424933E-002
  4.414857428255636E-002
  1.903925219808267E-002
  4.758797941157766E-002
  4.235757071080215E-002
 -0.314304545775529     
  0.153129759316271     
  3.789267632054472E-002
  9.105349344229108E-002
  3.985314076676905E-002
  6.826092039095522E-002
  8.275453423926116E-002
  1.792358692529250E-002
  6.381877942648062E-002
  6.079810087106774E-002
  6.311014555480732E-002
  4.536464279470698E-002
  5.674750598357026E-002
  5.827580998271475E-002
  6.786385781625082E-002
  4.112886334261523E-002
  6.506238483248861E-002
  5.455201445142699E-002
  2.698150903185859E-002
  9.103424014070272E-003
  2.467714355201733E-002
 -0.310187415308492     
  0.154779380473060     
  2.825159382616249E-002
  7.922638550324379E-002
  5.993548503164969E-002
  5.921408224660518E-002
  5.405445637043327E-002
  4.338132530383332E-002
  7.193844182305598E-002
  8.692234774395846E-002
  3.373858992133671E-002
  2.725656376381114E-003
  5.653984696424952E-002
  7.266420806655927E-002
  4.992292267785070E-002
  4.752709146254830E-002
  2.612084992524855E-002
  5.684565246024365E-002
  3.879717369062163E-002
  3.718181369516471E-002
  4.778213332559844E-002
 -0.306895666464634     
  0.166746948033115     
  2.117837827017643E-002
  9.511886581364326E-002
  7.025575682499241E-002
  5.246243853666155E-002
  5.905849430704069E-002
  4.133575193585104E-002
  7.187695128698190E-002
  6.265063158850359E-002
  6.600366141734959E-002
  5.860199072669214E-003
  5.793556447206261E-002
  6.276847219801074E-002
  6.174836764090919E-002
  6.052633692223752E-002
  5.404983751284331E-002
  6.207032256643896E-002
  1.799683482181402E-002
  5.547899375687160E-002
  3.607037769720933E-002
 -0.281798726311452     
  0.160357131832782     
  1.924850039101278E-002
  7.322108469368249E-002
  7.966174427492112E-002
  5.117592614116617E-002
  5.867588502735377E-002
  5.822107996879655E-003
  4.435732770102774E-002
  7.237293508407150E-002
  5.106045496422540E-002
  1.503280591366574E-002
  6.713335646830010E-002
  5.972189655769988E-002
  5.759750302752131E-002
  1.646888286683845E-002
  6.770668771771249E-002
  3.212625867445718E-002
  6.911235126467297E-002
  3.665492081190702E-002
  4.784658247003259E-002
 -0.145655842194211     
  0.187826875645530     
  2.709931543431399E-002
  9.288406786705750E-002
  4.865468980830145E-002
  6.036463977260464E-002
  7.020669576630389E-002
  3.885295495040886E-002
  6.382851239232001E-002
  7.902596304923049E-002
  5.544614933893177E-002
  2.032881949842880E-002
  7.927015197205867E-002
  6.107414132022049E-002
  5.367220664754069E-002
  3.751925808115075E-002
  5.249120958202491E-002
  5.268743380313989E-002
  2.919510724045171E-002
  7.155337632298697E-002
  2.047526845616010E-002
 -0.253713196512552     
  0.161208663660158     
  1.732349192597216E-002
  9.614764519063801E-002
  5.750420226032105E-002
  6.361786239561851E-002
  6.486807250063775E-002
  1.916618351187482E-002
  4.363877545392802E-002
  7.317104726360701E-002
  7.256730540295819E-002
  4.278589484240936E-002
  7.535067406349771E-002
  6.922350631330476E-002
  4.187357179211104E-002
  1.227055879797367E-002
  5.027463221461015E-002
  4.611571964149364E-002
  3.250032024988991E-002
  3.823468125559382E-002
  6.722370323024596E-002
 -0.185012249849758     
  0.165586918369070     
  1.904004198934395E-002
  9.490049973880677E-002
  5.613956156847444E-002
  7.367620259300678E-002
  7.211821668321672E-002
  1.592433102021173E-002
  6.440143659161379E-002
  3.460197156459544E-002
  7.428605827946411E-002
  3.722088552193936E-002
  5.191201554226965E-002
  7.960810321013689E-002
  6.574704374071050E-002
  6.031091987734705E-002
  5.413051939343028E-002
  6.206658770532136E-002
  1.459039373902282E-002
  2.751074938816767E-002
  3.410487316472188E-002
 -0.297805651647134     
  0.154276690979264     
  1.585191695071009E-002
  7.327135941801455E-002
  6.604479067716862E-002
  6.023912587690861E-002
  4.289655475806731E-002
  2.261608549343874E-002
  4.376150818136415E-002
  5.922196962885162E-002
  8.156522534859501E-002
  3.088325127769664E-002
  7.210604795852915E-002
  6.391749482249931E-002
  5.801624960312213E-002
  5.295063631654484E-002
  6.315338288657202E-002
  5.244938671110866E-002
  6.251762684130302E-003
  3.226521065829158E-002
  4.550699076269527E-002
 -0.361219184605116     
  0.149400266904740     
 -0.114179032498757     
 -0.318920527102307     
  4.235400305914716E-002
  5.753778612534199E-002
  2.759832825849851E-002
 -6.470033319601054E-002
  6.210453486929102E-002
  3.886931622497147E-002
  2.298668401303039E-002
 -0.107070676208237     
  3.840747420999102E-002
  5.706515139580337E-002
  5.056584023834332E-002
 -0.645527720608486     
  1.787289510560786E-002
  2.513879789078355E-003
 -0.133345634152572     
  3.231783764312091E-002
  3.671565916045583E-002
 -0.273783002799572     
  0.168282458446962     
  2.072932817191164E-002
  7.027951573268432E-002
  5.907616697253104E-002
  7.814474484205247E-002
  4.705593206128134E-002
  2.121065943973077E-002
  6.292332131048739E-002
  6.574072816043541E-002
  6.983849819573495E-002
  2.218121028787401E-002
  6.810632387111504E-002
  5.489951649636426E-002
  5.900970106421244E-002
  5.874606598377774E-002
  4.589636142135745E-002
  5.391735966982170E-002
 -6.063692752473315E-003
  5.674490505623642E-002
  1.354346774858695E-002
 -0.350455540503662     
  0.154286982730306     
  2.386156420214203E-002
  9.695992311794388E-002
  6.546825386312827E-002
  5.236180109365496E-002
  6.118564776286162E-002
  2.409673180100791E-002
  5.614750484684106E-002
  6.921952260628994E-002
  5.440041702080090E-002
  3.239872880172445E-002
  6.315727605762544E-002
  7.035106736686680E-002
  6.610800371893499E-002
  3.857470502188942E-002
  5.790560914447040E-002
  3.603791114575439E-002
  4.931457688278318E-002
  2.512113002349303E-002
  1.601541413757568E-002
 -0.223325727600640     
  0.166911160642058     
  2.797153149998755E-002
  0.100885399853210     
  7.923965868501137E-002
  5.619672917260043E-002
  6.733036972832263E-002
  2.022106799113788E-002
  7.389586778950008E-002
  6.626361845396589E-002
  5.407135976322253E-002
  1.175651727629745E-002
  4.924010717888916E-002
  6.810597133250207E-002
  5.085042938665407E-002
  5.180636285125217E-002
  5.422427063809732E-002
  4.540311071848224E-002
  3.254288467223132E-002
  3.527683601265208E-002
  5.920218218734452E-002
 -0.312029145992833     
  0.159601660230918     
  4.997155649935969E-003
  0.101832134207100     
  5.029937802121709E-002
  4.909560856296558E-002
  7.328555719916552E-002
  2.906639873482320E-002
  6.471813548312455E-002
  6.958867568414451E-002
  4.125338705312309E-002
  2.078335349479055E-002
  6.482424107783746E-002
  6.739144540452280E-002
  6.818164514353930E-002
  4.605749084258282E-002
  7.078289116382475E-002
  5.300288244712292E-002
  3.984185710868671E-002
  3.554363194506460E-002
  3.895744557166547E-002
 -0.184601210633399     
  0.175222507778456     
  2.173003599023993E-002
  8.760243048351679E-002
  5.786793616667896E-002
  4.649206376795956E-002
  6.924113981725999E-002
  3.292493657926121E-002
  7.101535857466257E-002
  5.872230903771647E-002
  6.660566591791983E-002
  2.536557285806618E-002
  5.693710756842418E-002
  7.806515519435242E-002
  4.669533977080287E-002
  2.559796593915653E-002
  4.683532922180023E-002
  5.210843139151622E-002
  2.519723723828582E-002
  2.374994702876643E-002
  3.283412027285970E-002
 -0.354810210318254     
  0.151690397459728     
 -4.403735177744394E-003
  7.243936330514611E-002
  4.442383770305358E-002
  7.322798323023483E-002
  5.673832345269325E-002
  1.058344600281780E-002
  5.996578326036317E-002
  5.516877555960742E-002
  9.246736425401891E-002
  4.536442749115199E-002
  5.753256503387694E-002
  7.463053584882229E-002
  7.762307180478178E-002
  3.376469879532884E-003
  5.947476543202179E-002
  4.195377468899919E-002
  4.006788273846773E-002
  2.602123884298624E-002
  4.321080907703645E-002
 -0.307125500853866     
  0.160697195856430     
  3.024278497174615E-002
  9.291603893492706E-002
  6.035704715069756E-002
  6.038811837265790E-002
  7.846705985231062E-002
  6.208287302289506E-003
  6.357133658567016E-002
  9.155894229030015E-002
  4.541940322013494E-002
  3.100646819662156E-002
  5.763953894395879E-002
  7.085857273086804E-002
  6.302570200638180E-002
  1.622322238560381E-002
  6.230890213886053E-002
  4.562767859625105E-002
  3.340734803089607E-002
  4.848684781350343E-002
  4.196238509943784E-002
 -0.172713741143633     
  0.162422324108066     
 -5.904786619745472E-003
  1.516942901063967E-002
  7.322989769370347E-002
  6.167606306602857E-002
  4.696768133969009E-002
 -1.382593463742587E-003
  4.681696701978300E-002
  7.250096320090615E-002
  3.855656831335075E-002
 -1.401879832345188E-002
  3.579477395622066E-002
  6.351625600757804E-002
  7.466172559668982E-002
 -3.240711228921622E-002
  6.102746385176872E-002
  3.981920354054169E-002
  1.010328506029978E-002
  2.910849330122089E-002
  4.481310768808433E-002
 -0.192569835611493     
  0.153081003933750     
  2.196895910093266E-002
  9.839498437654992E-002
  4.816381541929893E-002
  4.650237647024724E-002
  7.871128714072451E-002
  3.174970604069616E-002
  5.974521541882161E-002
  9.632794050326265E-002
  7.005182136020016E-002
  3.621262739398512E-002
  5.254187221746542E-002
  8.008874233601360E-002
  5.311440092885655E-002
  2.563681469428536E-002
  6.428869371326273E-002
  3.839435188460072E-002
  3.117027935308148E-002
  4.325073931486412E-002
  2.397341993247948E-002
 -0.320185817713845     
  0.153925075995547     
  1.648295980515035E-002
  6.375230064052140E-002
  5.942620251336150E-002
  6.513507163500987E-002
  5.707652856951440E-002
  3.063974904655309E-002
  5.840376713512230E-002
  7.655589060333912E-002
  5.095192451122055E-002
  2.564443451901299E-002
  6.501142523521219E-002
  6.318855772410825E-002
  5.069992604265539E-002
  4.100127118064423E-002
  7.137253688546286E-002
  4.322374425856390E-002
 -1.297961420419025E-002
  2.428120049231053E-002
  6.175262770844070E-002
 -0.361953071806663     
  0.140920814110143     
  1.714705945192740E-002
  0.101482296435965     
  6.994505709558885E-002
  5.816777239891713E-002
  4.110853980797602E-002
  2.820173653721625E-002
  7.385698780334315E-002
  6.209853637081497E-002
  7.751951083379172E-002
  3.853857814282735E-002
  7.608824231584432E-002
  5.376235771599491E-002
  7.151297646253241E-002
  2.018701179705129E-002
  6.187550533355535E-002
  3.885992038321395E-002
  2.609785958622934E-002
  1.848064171412422E-002
  4.632185782270615E-002
 -0.299127333330287     
  0.156201560037183     
  3.646444821809869E-002
  9.650364717334448E-002
  5.932396012293406E-002
  6.189380707749603E-002
  7.783074321524974E-002
 -8.725428574021699E-003
  7.190571465352313E-002
  5.140445034141516E-002
  8.603111537714059E-002
  2.982474292280779E-002
  9.766811576601686E-002
  4.261961622212962E-002
  4.185526472824042E-002
  2.785580801365661E-002
  6.736872636111735E-002
  5.876353404604107E-002
  1.220495688619483E-002
  1.969323825168667E-002
  3.096596233785986E-002
 -0.328910941283646     
  0.165492633331768     
  1.303828255938866E-002
  8.605819659132230E-002
  7.679284444342716E-002
  4.360513152443668E-002
  6.060598197017419E-002
  4.246649502796940E-002
  5.359493612250110E-002
  8.108712403301310E-002
  8.141687081217941E-002
 -1.315438688151538E-003
  5.963455822212593E-002
  7.067398083411913E-002
  4.531106649484162E-002
  4.942375748474559E-002
  3.885122308249522E-002
  5.334677074362160E-002
  2.364707053541037E-002
  3.199903718282271E-002
  4.579476042581732E-002
 -0.307234717085513     
  0.163432643438130     
 -0.152170549520974     
 -0.326386776109172     
  5.139627751562392E-002
  3.792532142519278E-002
  5.755660020672138E-002
 -0.317298638608328     
  2.994980245281731E-002
 -2.143546132026053E-003
  4.392486381499294E-002
 -0.123265419532959     
  4.503172987008075E-002
  4.634526400845929E-002
  6.435844068952035E-002
 -0.393770754667633     
  2.883418604932997E-002
  3.334716761207979E-002
 -5.219728778149957E-002
  3.101766421859864E-002
  1.910384562912959E-002
 -0.273997828633682     
  0.154569429856798     
  1.218988218931383E-002
  8.475840082951347E-002
  7.010077013948413E-002
  4.785542013131450E-002
  5.300232926079840E-002
  2.618326208727551E-002
  6.085541729700994E-002
  7.247171667910979E-002
  5.671897239714119E-002
  2.316906276686925E-002
  5.878393994575692E-002
  7.114703350924767E-002
  4.080545498587929E-002
  2.190453566511819E-002
  4.669895874504781E-002
  3.769129899920542E-002
  2.464730228438095E-002
  3.944409945132488E-002
  5.519898754995933E-002
 -0.367156214320168     
  0.158907319465700     
  1.314014472579395E-002
  8.868142827068759E-002
  6.295809203731451E-002
  4.255304653574066E-002
  7.575015480911507E-002
  1.477012191087956E-002
  7.047120372473237E-002
  5.992996417222851E-002
  7.248347612865524E-002
  1.988166719619100E-002
  6.376891773357651E-002
  4.938649018174479E-002
  7.666586866891123E-002
 -2.641973808866105E-002
  6.067926505436205E-002
  3.078647691056058E-002
  5.872404689680000E-002
  3.561166603123511E-002
  4.925788035485112E-002
 -0.211756465846969     
  0.159303522533967     
 -1.211529738377415E-002
  9.549065235728538E-002
  8.829290837878179E-002
  5.100871396825002E-002
  4.932612003470960E-002
  2.802686675537247E-002
  6.033030331162559E-002
  6.924513532441956E-002
  5.302496007468593E-002
  1.024249632943164E-002
  6.239737406444168E-002
  6.985470082668388E-002
  5.377290999199658E-002
  3.819579587390720E-002
  4.728827039819317E-002
  5.125349108122812E-002
  3.770648781899233E-002
  4.630018672296821E-002
  3.010656494564068E-002
 -0.370703989091477     
  0.158615297959983     
  3.269425307654839E-003
  8.665467362337687E-002
  6.589468080969352E-002
  5.537602859225887E-002
  6.957167167402012E-002
  1.039010174185639E-002
  6.511845480966705E-002
  5.178893768506387E-002
  7.488396351330140E-002
  3.883587570931502E-002
  6.275070818231676E-002
  7.008836461541512E-002
  5.999085327044940E-002
  4.985659955343502E-002
  5.595099999230002E-002
  5.173399952468416E-002
  2.945721567364767E-002
  5.086961992278649E-002
  4.498730415998986E-002
 -0.287094075685189     
  0.158899648877085     
  4.770747657791841E-003
  6.452662944407717E-002
  4.267648473364094E-002
  7.289194075284799E-002
  5.111133731846196E-002
  2.318661137753608E-002
  7.282971105274749E-002
  6.954832107498632E-002
  5.507437518073655E-002
  4.997462348133919E-003
  7.228591326951994E-002
  6.929596380718361E-002
  5.545921543551013E-002
  2.046234125523405E-002
  5.640893735798735E-002
  6.614774843520843E-002
  3.752857014240174E-002
  4.819745775648165E-002
  2.239432537997810E-002
 -0.181733826548092     
  0.174850674399647     
  1.758139197649999E-002
  0.100959494209969     
  5.260032096304423E-002
  7.416835370780972E-002
  5.790573059584914E-002
  3.492435835138163E-002
  5.934792975767589E-002
  6.739739982565263E-002
  6.358220209619991E-002
  2.547316603365335E-002
  7.960681048015272E-002
  6.136404580953481E-002
  5.717514724319972E-002
  3.772619021614432E-002
  5.924122987781388E-002
  7.541643268698184E-002
  3.209454025166059E-002
  3.242308387879478E-002
  3.404553640087493E-002
 -0.205062600420104     
  0.156840418442581     
  3.832477825225045E-002
  7.568592764094895E-002
  6.831995060384211E-002
  5.591505063458591E-002
  7.766051383569372E-002
  1.260077966439344E-002
  4.919504763301685E-002
  6.361259744196179E-002
  6.083891369346084E-002
  3.630452321750610E-002
  6.279154579770951E-002
  7.742322320800976E-002
  6.055481690241304E-002
  3.462059261844264E-002
  5.640815761190099E-002
  6.144401741732763E-002
  3.040104940337063E-002
  2.712144130673344E-002
  5.218256885705230E-002
 -0.199207234384622     
  0.153608319616404     
  3.135826418769394E-002
  0.102419757027981     
  6.899499364461481E-002
  5.835621782638845E-002
  7.578073133310548E-002
  1.861994292417579E-002
  7.708025590276313E-002
  5.763838633804441E-002
  5.559356268632520E-002
  2.940247016855668E-002
  7.189252236618138E-002
  4.612800914313508E-002
  6.873992543909124E-002
  5.826126966446976E-002
  6.869582115663608E-002
  4.634497942670512E-002
  3.483297300009136E-002
  3.260434791168443E-002
  1.614551826464306E-002
 -0.222114237089404     
  0.172307803791114     
  1.747442474686878E-002
  6.458433715798506E-002
  4.713576636769623E-002
  6.861839285991089E-002
  4.560391769516525E-002
  5.549289965354198E-004
  6.972171165579300E-002
  5.084913084066345E-002
  6.300074569789649E-002
  3.890554248002331E-002
  6.909514424867436E-002
  7.276018937218065E-002
  5.475241556164878E-002
  5.214615870770478E-002
  5.126960341919384E-002
  6.621389142665801E-002
  2.575080781037942E-002
  4.417541429145011E-002
  3.348121229283019E-002
 -0.321793695315718     
  0.160864412774947     
  2.900663097971234E-002
  7.716978657414852E-002
  5.530178324988400E-002
  8.724245360430705E-002
  4.813465139540662E-002
  3.669794920009162E-002
  6.731608012685353E-002
  6.883704678141922E-002
  4.764770178829647E-002
  3.645691226605674E-002
  6.579437348090977E-002
  6.886734889677970E-002
  6.403723555875251E-002
  4.795775762777366E-002
  4.469260229776473E-002
  4.962561083134309E-002
  2.888169490183579E-002
  5.284968166126625E-002
  2.515136400009388E-002
 -0.293836893054347     
  0.158962487341910     
  2.385079158605086E-002
  9.035284520530151E-002
  5.347728515835204E-002
  6.534461503717615E-002
  5.783704724249694E-002
  1.725645113079954E-002
  5.899162984368844E-002
  5.847157217477938E-002
  5.785528488338720E-002
  2.507902682423957E-002
  4.372080668797351E-002
  7.209410029813834E-002
  7.971550548968542E-002
  3.040262805967275E-002
  4.423162613368847E-002
  5.050673161458574E-002
  3.418455925621089E-002
  3.073938091585482E-002
  3.888317047950995E-002
 -0.327150850931466     
  0.161713884655685     
  2.130096684026306E-003
  0.108648877890203     
  8.449907500556142E-002
  5.358802067687107E-002
  6.173472925271706E-002
  3.514428152900662E-002
  4.815324001595034E-002
  7.761302639141299E-002
  6.753784442320565E-002
  3.131478027751911E-002
  6.903801196006698E-002
  4.731244058068473E-002
  7.458782847658718E-002
  3.358515185582300E-002
  3.065604970475733E-002
  7.036139307458777E-002
  3.337907694974751E-002
  5.140893360302934E-002
  9.686059687506687E-003
 -0.185739320146979     
  0.171550392733326     
  2.715724783385776E-002
  8.229875934760589E-002
  6.885707424364651E-002
  6.638945491704562E-002
  6.255636323538449E-002
  2.142729161149282E-002
  5.826785800556800E-002
  7.034649668290704E-002
  5.722298082591681E-002
  4.667234293279865E-003
  5.395644074593442E-002
  6.813830987206504E-002
  5.994536994172539E-002
  6.213872894324046E-002
  5.271150963827520E-002
  6.345850654272034E-002
  5.244227666592405E-002
  2.215692420376392E-002
  3.525330655347958E-002
 -0.271403720300954     
  0.169483245442538     
  2.370471240576855E-002
  9.179656003551262E-002
  5.501378862320605E-002
  7.141542767553410E-002
  6.541466693856501E-002
  1.479462704572887E-002
  6.654066982611151E-002
  4.316450702281271E-002
  6.333263745774365E-002
  1.378690084404521E-002
  5.464811727820607E-002
  7.524197272533661E-002
  5.706020750247542E-002
  1.168474448756429E-002
  5.845545785220241E-002
  5.979343257721381E-002
  5.292130259738803E-002
  6.169430722356517E-002
  3.532245507021636E-002
 -0.148394853048398     
  0.161020478826039     
  3.877182373051768E-002
  9.330085801602728E-002
  6.984716528784018E-002
  4.610115023045758E-002
  7.399003208670096E-002
  3.992004257762805E-002
  7.605168031277487E-002
  5.644802959412965E-002
  7.812171303145155E-002
  3.513363076104170E-003
  8.874991362227336E-002
  5.158819611913890E-002
  5.357907377872051E-002
  1.415987837249499E-003
  4.342483912470874E-002
  3.914898746849960E-002
  1.811428483779665E-002
  3.512479527432810E-002
  4.045044423715272E-002
 -0.333433338759657     
  0.148469258573956     
  3.526250880191917E-002
  7.840271401678134E-002
  6.342809433367314E-002
  4.102133603975655E-002
  7.772190880393837E-002
 -1.530971502988088E-003
  6.160934517692007E-002
  6.070264426469951E-002
  4.695997350087588E-002
  3.399937236109318E-002
  7.837070923162159E-002
  5.852298310613258E-002
  6.203891438882636E-002
  6.658392167112792E-002
  8.214413067427073E-002
  4.633574709237109E-002
  2.279683436300139E-002
  4.129237309691092E-002
  2.584222131967018E-002
 -0.306566147172267     
  0.150439501581061     
  2.724110033749083E-002
  9.354737206057973E-002
  8.626470410962872E-002
  6.611623102266972E-002
  6.233880281681503E-002
  1.384175387510789E-002
  7.675158871799037E-002
  4.350530308484979E-002
  6.941465814006920E-002
  2.352865760103651E-002
  8.066195951501853E-002
  5.648623717992018E-002
  3.849029515116065E-002
 -2.865351123543469E-003
  5.885086127185357E-002
  3.275938149905711E-002
  2.532308184654131E-002
  1.835707914995366E-002
  5.265605091815373E-002
 -0.307320714648227     
  0.155978409386478     
  4.269987553902510E-003
  9.478290077278739E-002
  5.855876339685850E-002
  6.454908528188463E-002
  6.552397742791349E-002
  1.762746122292169E-002
  7.000408255139212E-002
  6.653080531803790E-002
  5.656570488456780E-002
  2.038717879604546E-002
  6.732877408784643E-002
  6.790231407539216E-002
  6.004947662213556E-002
  5.037696322485674E-002
  5.747653903754457E-002
  5.202609647448897E-002
  4.303537304256899E-002
  3.931284450616690E-002
  2.972292133854737E-002
 -0.177846732318680     
  0.176078205795713     
  1.436095546300242E-002
  7.909018897239584E-002
  5.498620283882105E-002
  7.593225819299798E-002
  5.609798177510505E-002
  3.579636988677315E-002
  7.400503112475754E-002
  6.207606167304824E-002
  4.615840684274020E-002
  4.170519007130080E-002
  5.088635072326064E-002
  7.829410642019352E-002
  7.011634191036087E-002
  3.191851602076756E-002
  4.835706784056082E-002
  7.737171048451108E-002
  3.084976984147536E-002
  2.476224804468841E-002
  3.395470164583136E-002
 -0.325141665948465     
  0.169552112237324     
  2.750134090651501E-002
  7.941526623660078E-002
  6.421189709674135E-002
  5.367441518216232E-002
  7.212570082002712E-002
  1.403926060942640E-002
  6.469772726697609E-002
  7.967815349300411E-002
  6.002389003688136E-002
  2.731261017703712E-002
  6.218645146015889E-002
  6.492496124780267E-002
  4.418490900054539E-002
 -2.834040063148890E-002
  5.762874822649156E-002
  6.068538055487838E-002
  4.036064528210526E-002
  5.050338138414867E-002
  4.557934370528394E-002
 -0.254847946023899     
  0.155856258036441     
  2.376615253572201E-002
  6.595302593388297E-002
  6.476304150792600E-002
  6.050033979811231E-002
  5.901420622246001E-002
  3.815239860907260E-002
  4.545742889584048E-002
  6.696850403263399E-002
  7.098322620311426E-002
  4.075356107256223E-002
  7.282122444030681E-002
  6.212148833989484E-002
  4.218655485936373E-002
  7.056388685612980E-003
  5.936766011978001E-002
  4.778851186490030E-002
  2.450707912252081E-002
  2.422847281378837E-002
  3.940175224427112E-002
 -0.300052412508847     
  0.156435952053235     
  3.409600598224971E-002
  9.159967655234080E-002
  4.590915929802164E-002
  7.262885306792255E-002
  5.967465170509345E-002
  2.735790441785646E-002
  6.877297698306661E-002
  7.414959863975645E-002
  5.938039795550021E-002
  2.731184415481502E-002
  7.701590140845904E-002
  6.006114153085129E-002
  5.004645633739324E-002
  3.781605202528837E-002
  4.339846367751110E-002
  6.395917017767450E-002
  4.065745048841496E-002
  6.188327257381809E-002
  7.862595617337043E-003
 -0.179189812152645     
  0.169315979965801     
  3.461319245192662E-002
  0.100061611202682     
  7.190690652406151E-002
  7.112125898565547E-002
  6.079547598088109E-002
  3.692652135543728E-002
  8.442308130023546E-002
  7.632694596874168E-002
  4.093579055544339E-002
  1.135962819332015E-002
  5.524043412510193E-002
  6.505823472811711E-002
  5.733755514481109E-002
  3.243697322576278E-002
  5.050547395592297E-002
  3.079708122710356E-002
  4.176777585168701E-002
  4.257610458391914E-002
  5.795871345906456E-002
 -0.216324641609130     
  0.168264285290141     
  4.792670531045706E-002
  9.278013372911253E-002
  7.385710016913527E-002
  6.373614289234686E-002
  6.972730956208451E-002
 -3.584539202718950E-003
  7.021186052225914E-002
  4.354275726687429E-002
  7.437768283445778E-002
  3.239170378984912E-002
  6.341495186909252E-002
  7.684865105391681E-002
  5.458494550670390E-002
  4.270163923184001E-002
  5.428553904689226E-002
  4.239504333066124E-002
  3.962184744867292E-002
  1.914687072283083E-002
  5.384794498398771E-002
 -0.200093434078663     
  0.168420563839481     
  3.325663294280590E-002
  7.235372658851169E-002
  4.572283341422245E-002
  7.287626535006697E-002
  7.432942730849601E-002
  6.029772301361369E-004
  8.187004339827286E-002
  5.330901666931243E-002
  4.535374373732715E-002
  1.568421180449242E-002
  5.298778437721219E-002
  8.231825229719547E-002
  5.493696608181398E-002
  4.519393611658096E-002
  5.096846119249288E-002
  6.431700131593610E-002
  3.206985650928340E-002
  1.859641169775050E-002
  4.361320042556038E-002
 -0.279976782276464     
  0.144302568532659     
 -2.852433929785914E-002
 -0.338411670449697     
  4.642239514647251E-002
  3.758607281628001E-002
  6.340753065464966E-002
 -8.489724790341491E-002
  4.932652279038818E-002
  7.407695752979970E-002
  5.001707058611427E-002
 -0.613190180827435     
 -1.917483306943324E-002
  3.481139571901570E-002
  5.077612684006971E-003
 -0.272768235772075     
  5.877092689723928E-002
  3.737731834267366E-002
 -6.116639065874718E-002
  3.861277188787182E-002
  2.932543653693309E-002
 -0.275349811241396     
  0.171040179804308     
  5.136757880342380E-002
  0.104206230677362     
  8.202594752165560E-002
  5.094411805942600E-002
  7.108159279223625E-002
  9.565194056011528E-003
  6.603817691245750E-002
  6.722098107890906E-002
  5.417396509413297E-002
 -8.292186379173394E-003
  6.169570678844205E-002
  5.000403498722650E-002
  8.106359832581822E-002
  2.181373154633848E-002
  4.982094345341259E-002
  5.636123244869673E-002
  3.657564135297120E-002
  4.078502273648921E-002
  4.727794567087862E-002
 -0.187176040111863     
  0.160710964140004     
  2.023076928314138E-002
  8.696036674528074E-002
  7.031427579757188E-002
  4.133002464153446E-002
  7.105911538031373E-002
  1.096179292205335E-002
  5.240632360825193E-002
  5.236551155536862E-002
  7.845300383702769E-002
  1.605988177734119E-002
  7.141045924557565E-002
  5.000384645699607E-002
  6.009727590019254E-002
  6.905271796611423E-002
  6.184909252656301E-002
  7.981816502809169E-002
  7.743362746694959E-003
  1.564086246359397E-002
  5.167075379786490E-002
 -0.296105236991712     
  0.160536646911255     
  1.209828432094850E-002
  9.342022844635345E-002
  7.351701360363938E-002
  3.926644191828377E-002
  7.533291886135385E-002
  3.051682048729676E-002
  7.448904762971775E-002
  6.472505578871979E-002
  5.584230975107474E-002
  2.084050393867809E-002
  6.266606718107337E-002
  4.939694870945410E-002
  6.745411154113923E-002
  2.869404843311241E-002
  6.104911993435125E-002
  6.017404542356031E-002
  3.544849171860109E-002
  4.836960986814665E-002
  4.221298188067979E-002
 -0.241153963816998     
  0.168915096799883     
  1.450415206784195E-002
  8.283000191403467E-002
  6.585467618366558E-002
  6.660952078196514E-002
  5.972055759124950E-002
  1.677518800853450E-002
  5.164496039380573E-002
  6.977989701887533E-002
  5.514489950386026E-002
  1.851666449115008E-002
  7.027361296958445E-002
  7.149592295026097E-002
  4.148796915534192E-002
  3.220531950597127E-002
  6.343084311129521E-002
  6.193788027714464E-002
  9.868473660745725E-003
  5.191163793601306E-002
  3.057211475508670E-002
 -0.303170852918053     
  0.154995168614948     
  1.327532352401706E-002
  0.100965134957082     
  6.057022494252995E-002
  8.416347770954735E-002
  6.088534006458679E-002
  1.333951837171110E-003
  5.813570603083273E-002
  7.218583499142250E-002
  7.002811843296652E-002
  9.733031706658846E-003
  5.939955274420639E-002
  7.700560469337236E-002
  6.058106230601357E-002
  1.609914413835023E-002
  4.848983829495590E-002
  4.567354295411563E-002
  3.145679761500553E-002
  4.667755115182393E-002
  1.086296310621770E-002
 -0.339545464763538     
  0.166751296424019     
  2.045822589714552E-002
  8.671306273898249E-002
  6.336476806550329E-002
  3.528975966386583E-002
  8.162444851698880E-002
  4.066711749288698E-002
  5.578990240260984E-002
  6.533027587129814E-002
  6.695619432400446E-002
  2.743116517961797E-002
  4.013153626108934E-002
  6.911762887864337E-002
  6.859734040408993E-002
  1.130655591022656E-002
  4.571444325564356E-002
  5.050866319285297E-002
  8.751264565135752E-003
  3.816945551492235E-002
  5.006792780883795E-002
 -0.334994634826292     
  0.151150944007859     
  2.497659340671765E-002
  6.828825360860691E-002
  4.895252461068311E-002
  5.939917088472602E-002
  9.089751956754688E-002
  1.020771064940362E-002
  6.711723581166174E-002
  3.898899548749768E-002
  5.379051153126335E-002
  2.241215097369276E-002
  7.776642975529702E-002
  3.837803800785278E-002
  6.373436614051109E-002
  4.379546980385918E-002
  6.562620096526650E-002
  5.244794910207162E-002
  3.312501416313118E-003
  4.845033140432797E-002
  5.042040766008515E-002
 -0.276439444392373     
  0.160857424651104     
  4.114328596043482E-002
  7.303499510337286E-002
  7.441933829030323E-002
  5.727063483855954E-002
  6.397642436993989E-002
  1.034924777805113E-002
  6.024765786089736E-002
  6.454236362197008E-002
  6.552002183072581E-002
  3.500233407924869E-002
  6.544088215359323E-002
  5.768074719804184E-002
  6.483281378879202E-002
  9.366937301768186E-003
  5.916171241328461E-002
  4.008672507664379E-002
  5.710397495436226E-002
  4.717435466833075E-002
  7.457477463311601E-003
 -0.222910439015346     
  0.169672098840988     
  8.796509761431981E-003
  0.119722763026735     
  6.489823263267491E-002
  6.558295668609559E-002
  5.987483993730036E-002
  6.562118116914206E-003
  6.287567231129643E-002
  6.439058454712276E-002
  2.503694433677983E-002
  3.926936340208398E-002
  8.310402519526727E-002
  6.677212927944742E-002
  7.254510197041464E-002
  2.756862617905265E-002
  6.626420180222270E-002
  2.894872891942035E-002
  2.228010319326224E-002
  3.694997684694412E-002
  4.766486206786302E-002
 -0.337391162717182     
  0.142373781665537     
  2.532731227098184E-002
  8.730269601900709E-002
  7.385295385773782E-002
  6.705319129251763E-002
  5.046539589372123E-002
  4.646011477114786E-002
  6.073143847481199E-002
  6.930560483058668E-002
  6.563305882660941E-002
  4.307939377998338E-003
  6.938740420443601E-002
  4.969963893651319E-002
  6.731309949193987E-002
  6.482031941978539E-002
  5.392437224524405E-002
  6.434418230239347E-002
  3.599265090404513E-002
  5.178418160046838E-002
  3.841418036044897E-002
 -0.201177952314147     
  0.151264556347620     
  1.630691702846665E-002
  0.100383024505304     
  6.248630368541253E-002
  6.782643670093202E-002
  8.202235066962682E-002
  2.400718634170129E-002
  5.644422968669038E-002
  6.893074501457030E-002
  6.358702008054218E-002
  1.635503332299670E-003
  6.107307980263688E-002
  7.918277921400996E-002
  5.381628256216531E-002
  4.536047755943695E-002
  7.288085469182537E-002
  5.812335805116542E-002
  2.774064676373378E-002
  4.298841881626747E-002
  4.401751149995270E-002
 -0.228824937668585     
  0.159975611830908     
  3.074320916862483E-002
  9.517145456679099E-002
  6.241172714974119E-002
  6.571671374299726E-002
  7.744086596549815E-002
  3.232804486781315E-002
  4.061176530504729E-002
  9.648777666766428E-002
  7.304477033686430E-002
  2.042520137972437E-002
  8.015555869401592E-002
  3.971328673354468E-002
  7.980476821514393E-002
  4.417344539220025E-002
  2.405575344811473E-002
  5.613097944856393E-002
  3.243196428354844E-002
  5.026317346790965E-002
  3.971454854335832E-002
 -0.212308026030067     
  0.153769418481871     
 -1.536018098817848E-002
  0.100295502327106     
  6.339744183955587E-002
  6.190247904061585E-002
  4.022080747307710E-002
  2.506845525604495E-002
  5.886121310755943E-002
  4.804352834281467E-002
  8.138664020100550E-002
  5.198039445005609E-002
  7.769483467420069E-002
  6.936140229347332E-002
  5.995331711954532E-002
  2.076145799121409E-002
  4.753239687579147E-002
  5.317362485868249E-002
  3.170378617491654E-002
  3.894546365561569E-002
  6.195913396621733E-002
 -0.305723274906163     
  0.148634727756888     
  2.433390096155730E-002
  7.582497313960257E-002
  8.592762169280688E-002
  4.847201628200082E-002
  4.838211694417849E-002
  3.208503588636402E-002
  6.849997602270042E-002
  7.255674606558604E-002
  6.012072886409081E-002
  2.035606383059996E-002
  6.539444242622128E-002
  6.313557879838216E-002
  4.550458029131743E-002
  3.864069538385673E-002
  6.116082537523415E-002
  6.391224352570946E-002
  1.767800217526450E-002
  4.400322105907539E-002
  3.844863908153573E-002
 -0.289477307658228     
  0.157446032717516     
  2.281867144092864E-002
  6.839765651294361E-002
  5.931491117322796E-002
  6.829614518485572E-002
  6.858989215673494E-002
  9.882330737408296E-003
  3.627405868419309E-002
  6.232125344320028E-002
  7.880200279206906E-002
  1.003452913554304E-002
  6.617862090160487E-002
  4.285925899341092E-002
  5.680216889646150E-002
  1.815731248383123E-002
  7.692849717324690E-002
  5.542983014422320E-002
  5.428329049669411E-002
  3.997498937022215E-002
  3.953938210964436E-002
 -0.206711870064895     
  0.169808941815288     
  1.107881873470351E-002
  8.913558235631491E-002
  6.696060651033497E-002
  4.997751683296714E-002
  5.161402369851276E-002
  3.914833496982872E-002
  6.370762027603782E-002
  6.060071621363972E-002
  7.200065753301588E-002
  4.390993533136989E-003
  6.271292817968066E-002
  7.240097304113080E-002
  7.088467209950877E-002
  2.904633246975985E-002
  5.395857234584989E-002
  6.299142850531136E-002
  3.969422453552474E-002
  3.751930676774873E-002
  3.961743723492650E-002
 -0.293052533128598     
  0.151075125271477     
  3.418409682724199E-002
  9.390142199892360E-002
  7.575386975173326E-002
  5.929036030297508E-002
  5.868338787354066E-002
  1.612993552085307E-002
  5.383341548354403E-002
  6.935081223531325E-002
  5.124975095002049E-002
  2.544421198567015E-002
  5.724982887292107E-002
  6.403888710267769E-002
  7.252820633876034E-002
  1.929783873931701E-002
  6.892087190957263E-002
  3.429089394844720E-002
  3.231052505679255E-002
  4.188552013052427E-002
  5.027980911446661E-002
 -0.319170272653063     
  0.155884345220452     
  1.651432127864849E-002
  8.444405161791391E-002
  7.806213983926114E-002
  7.727982346455908E-002
  5.480658590628351E-002
  2.142151476025234E-002
  6.634911632343010E-002
  7.419088670824259E-002
  5.423599249821431E-002
  3.361819198897109E-002
  4.997162493232088E-002
  7.454773259805958E-002
  7.065269290581455E-002
  3.336041208702811E-002
  5.541356433250633E-002
  4.592990767803207E-002
  3.713469308029183E-002
  3.357738655036768E-002
  4.048450457118746E-002
 -0.324356287812392     
  0.148665606536036     
  4.219826151497186E-002
  8.443750990987731E-002
  6.686955991127619E-002
  6.941298805296581E-002
  6.149261616637780E-002
  1.007144423677575E-002
  5.370727570276546E-002
  8.133536008366904E-002
  4.390102415782482E-002
  2.860849853771441E-002
  5.679633877201729E-002
  7.181115730175369E-002
  5.519242135010460E-002
  1.672183446176057E-002
  4.950777749977886E-002
  5.268649846154971E-002
  3.614556020148463E-002
  3.574307394399068E-002
  6.712058186867420E-002
 -0.161363067873285     
  0.163985854439848     
  4.006707779368135E-002
  8.009285352375439E-002
  5.666365993485112E-002
  6.573833334223600E-002
  7.745891934482751E-002
 -1.782140376974528E-002
  7.300816952426670E-002
  5.926441916314484E-002
  3.569323071909769E-002
  4.560080619874540E-002
  6.021976772153281E-002
  6.614362687023012E-002
  7.583544472980552E-002
 -2.299987648390101E-002
  3.764309902218366E-002
  5.587425385693157E-002
  3.114439041164241E-002
  4.643000395375807E-002
  5.104376348092798E-002
 -0.302962007935151     
  0.164501352466262     
  2.573958656527653E-002
  9.109967239325378E-002
  6.404390474284205E-002
  4.568209177104965E-002
  6.848862205628781E-002
  2.070892761550835E-002
  5.839330653104235E-002
  6.130304658848418E-002
  7.620760064746057E-002
  2.419269087612630E-002
  5.939408401880741E-002
  6.672197574042815E-002
  5.957937164776872E-002
  7.273031316831036E-002
  6.937341058122770E-002
  7.250742991894921E-002
  2.532041288584219E-002
  6.899092818818242E-002
 -7.373983926475258E-003
 -0.194175529205808     
  0.151263399676772     
  1.060381500003649E-002
  8.673573551116309E-002
  6.789754242510038E-002
  5.746582448021464E-002
  7.473950106168636E-002
  2.040664555186567E-002
  4.681866857411432E-002
  6.584164231418455E-002
  5.999611067231148E-002
  3.482682859547293E-002
  4.753629736319132E-002
  6.168833314265409E-002
  7.171076554609401E-002
  2.184111805579825E-002
  7.275106097410988E-002
  6.004114909570279E-002
  3.137027857445895E-002
  7.790628105613484E-003
  3.891694501349008E-002
 -0.349215295251743     
  0.159972757928261     
  1.465803385353137E-002
  9.076864404409690E-002
  7.423409201252817E-002
  3.591781084827927E-002
  6.329133843122126E-002
  3.614397082393994E-002
  6.284763466069232E-002
  3.524230239313431E-002
  8.780191601834830E-002
  2.788943353861884E-002
  5.102329260574701E-002
  5.957759184062072E-002
  8.988280967240636E-002
  4.258704044248951E-002
  4.986733972248469E-002
  6.719398977563773E-002
  3.298218758033267E-002
  1.700119555476454E-002
  5.785242137289814E-002
 -0.321751668158000     
  0.159017326290652     
  1.634726192815350E-002
  0.103002092724353     
  4.870356805174847E-002
  5.030188949754266E-002
  5.947219103871859E-002
  2.641094150229595E-002
  4.781106412366531E-002
  7.568245884305058E-002
  6.876917508587121E-002
  4.015923801528087E-002
  6.880725813909061E-002
  5.307655192723781E-002
  5.874823685327479E-002
  1.539300927906107E-002
  4.016881635929681E-002
  5.830111068310762E-002
  4.696806305843904E-002
  3.496687991166014E-002
  5.278798639310034E-002
 -0.250341129599065     
  0.163955523374687     
 -0.257602490846260     
 -0.320086962135576     
  2.655714593228620E-002
  2.539119845696713E-002
  2.999332423636480E-003
 -0.128430698551645     
  5.715517428730288E-002
  4.713009269527557E-002
  4.320839846638858E-002
 -0.331109189568846     
  4.817697122495812E-002
  2.752607332164414E-002
 -8.049710749836292E-003
 -0.284804151298323     
  3.299390931450330E-002
  3.008805851720120E-002
 -1.247446951038089E-002
  4.062689832467137E-002
  5.352532887650852E-002
 -0.394645268707253     
  0.150234840934965     
  4.224654027116026E-002
  0.100690734305229     
  7.222076521160814E-002
  7.069842065003673E-002
  5.297332335898308E-002
  3.126820949403264E-002
  6.847391698332517E-002
  6.786586303628872E-002
  5.301149043971576E-002
  1.595686548932873E-002
  7.378938507484012E-002
  6.608785414684926E-002
  5.900810847685645E-002
  2.026764136391845E-002
  4.268611879387241E-002
  6.136062841478795E-002
  1.532385308444750E-002
  8.195034871344764E-003
  5.243935402944977E-002
 -0.254775288224613     
  0.162892748585151     
  5.990762155066776E-003
  6.902521960522368E-002
  6.389916365348403E-002
  5.069439078261084E-002
  7.537775722560569E-002
  3.585293465840111E-002
  6.686582602209146E-002
  6.948464692155232E-002
  7.017457509699110E-002
  3.444571195371537E-002
  6.289204457183639E-002
  3.908680346882987E-002
  7.586131966824416E-002
  1.614904378759707E-002
  5.784775797529895E-002
  3.998148122495337E-002
  3.747103321118095E-002
  4.478530346208165E-002
  5.061361251819796E-002
 -0.311959410760723     
  0.161361561560764     
  2.552613639299972E-002
  8.450190520308265E-002
  5.480896839214167E-002
  6.248500801090784E-002
  7.131278219776427E-002
  1.505095675502055E-002
  5.649237145396990E-002
  5.707776614304172E-002
  5.655746349865631E-002
  2.586002173615576E-002
  5.756951836661706E-002
  6.901803744486679E-002
  6.963815094372738E-002
  5.575502882545491E-002
  5.918023484684654E-002
  3.669419024921616E-002
  4.966934835169834E-002
  2.994478009802670E-002
  3.269887380758174E-002
 -0.280247443481281     
  0.158213840206650     
  1.483553037964169E-002
  9.185968893205487E-002
  7.685033215238513E-002
  5.607243737424172E-002
  6.516173273744419E-002
  2.964890402878329E-002
  4.591792644996884E-002
  7.784448891337581E-002
  7.380099621003366E-002
 -9.410088113625648E-003
  4.831872154598627E-002
  8.105749932808348E-002
  6.563067755302221E-002
  7.899389521752376E-002
  5.714647976480747E-002
  5.693659393365280E-002
  4.225329204918360E-002
  3.891751258073928E-002
  1.413910109462369E-002
 -0.223316471430125     
  0.174536524473851     
 -5.819451422501576E-002
 -2.901545680207729E-002
  3.112714357433466E-002
  6.649350680222099E-002
  3.988404359611009E-002
 -6.468832676020497E-003
  8.848251018898745E-002
  5.172498191851338E-002
  6.155832204977574E-002
 -1.398278935741537E-002
  7.309003604988684E-002
  6.323534763150529E-002
  4.937260467576310E-002
 -0.109193693118545     
  3.173713771798836E-002
  4.099525301565454E-002
 -1.419003087219739E-002
  3.691878411729055E-002
  2.690549063596814E-002
 -0.205055505543115     
  0.153956361314021     
  2.131388046851468E-002
  9.120421265326328E-002
  5.773155916735517E-002
  7.726497817618438E-002
  5.002066590797760E-002
  7.914373190211155E-003
  6.861798502655181E-002
  5.409335077509891E-002
  6.708809223559908E-002
  3.185586631759563E-002
  5.546884708393640E-002
  5.687618948310535E-002
  9.415398202650038E-002
  4.127039734377735E-002
  3.447331552603594E-002
  5.501615040122609E-002
  3.828152420366182E-002
  4.023633252447201E-002
  4.128176411130557E-002
 -0.307708551014522     
  0.158915476020377     
  2.545578121711856E-002
  7.612035073101175E-002
  6.252739094798121E-002
  6.882232015611234E-002
  5.882807012796665E-002
  1.735617293446579E-002
  8.202600543141170E-002
  5.046287246502612E-002
  5.256054222789253E-002
  2.901912521097261E-002
  7.249314660347272E-002
  5.360402083417448E-002
  7.286539560862348E-002
  5.130869424826923E-002
  4.796424510440067E-002
  5.502000299253673E-002
  1.951654961776406E-002
  2.461904332053733E-002
  5.382157331853543E-002
 -0.334425955801947     
  0.153160184328372     
  2.342605030974454E-002
  8.498117289286711E-002
  6.611501705095024E-002
  7.025955313129850E-002
  5.510380014903826E-002
  2.771714405092629E-002
  6.100757165496451E-002
  7.039908661429362E-002
  6.298073076116162E-002
  1.845887862299156E-002
  6.343329978899226E-002
  5.713141461118454E-002
  6.274475063303764E-002
  5.783878489219108E-002
  7.238055333088811E-002
  6.390896946649294E-002
 -9.874074436648783E-003
  5.885915257417118E-002
  1.037888997160230E-002
 -0.321264979959831     
  0.148859983680441     
  5.700678651160196E-003
  0.102238357978528     
  7.632640458453332E-002
  4.952527126549733E-002
  5.766408426590763E-002
  5.584856615418943E-002
  5.128043617273803E-002
  4.956810413004320E-002
  9.216109554954188E-002
  2.072843653904277E-002
  6.855063880633405E-002
  3.253821860589579E-002
  7.795300998837129E-002
  2.198194484427063E-002
  6.345693430662691E-002
  5.143080349114493E-002
  1.402277732826418E-002
  6.433792351426881E-002
  4.160610241374929E-002
 -0.308662598948126     
  0.155547963171088     
  2.432467679137851E-002
  8.128694919643298E-002
  5.196159067355677E-002
  6.124641407996612E-002
  7.117088570721353E-002
  2.531702001244662E-002
  5.942515816266980E-002
  8.039430661834435E-002
  6.259679248156536E-002
  3.192798513122952E-002
  4.779735263800156E-002
  7.631326345884804E-002
  7.098412570291668E-002
  2.131622770347441E-002
  4.701432366785785E-002
  3.901299021726723E-002
  2.424450682695500E-002
  4.302099311688934E-002
  3.381518636138481E-002
 -0.309368680659486     
  0.164242550566364     
  2.587756233495231E-002
  6.069616722823401E-002
  6.584390567402909E-002
  5.319497206277102E-002
  5.542983907377763E-002
  5.680995016047241E-003
  6.243570293756739E-002
  5.997315601298769E-002
  5.982204839094329E-002
  4.257558692109598E-002
  6.641666793750944E-002
  5.692928592624524E-002
  6.699534893516579E-002
  5.496272764532906E-002
  6.028729396331323E-002
  3.651342203325314E-002
  1.456528200171014E-002
  5.727090616090125E-002
  3.681978644338246E-002
 -0.290711899625353     
  0.149452777502145     
  3.622033689748427E-002
  9.962537575965769E-002
  5.511170597394377E-002
  7.493909919332098E-002
  6.134368178941341E-002
  9.957590221099544E-003
  6.196278483011164E-002
  7.098754944224461E-002
  6.252952016663804E-002
  8.991082917900961E-003
  6.593126489595347E-002
  8.269733550101688E-002
  4.126753888171519E-002
  4.689075481443172E-002
  6.748840424782754E-002
  3.680683376751404E-002
  5.643739705622419E-002
  4.450521222250337E-002
  1.508286853697227E-002
 -0.189077421078212     
  0.155680114669493     
  4.453745438637746E-002
  9.638139741060936E-002
  7.440665239722788E-002
  6.133549779990777E-002
  6.359392056831092E-002
  2.394648440366032E-002
  5.220975143384121E-002
  5.788714188458277E-002
  7.574917514941315E-002
  3.616054681574887E-003
  6.083793963496509E-002
  6.483606565269262E-002
  6.270569389335900E-002
  4.741351166669538E-002
  6.403445923127271E-002
  5.974824225650865E-002
  3.322638242107523E-002
  5.138811223834250E-002
  2.466442874040664E-002
 -0.298607418706177     
  0.164140169225698     
  4.980644391604594E-002
  7.555862222228615E-002
  5.821903448682120E-002
  6.732556655814936E-002
  7.125294945851468E-002
  1.209913135545460E-002
  7.107722102973146E-002
  6.978382734898414E-002
  6.382015480497072E-002
  4.584615230424305E-003
  4.874308469720667E-002
  6.977423059004839E-002
  6.386565169637060E-002
  3.139698740187979E-002
  6.982417262974339E-002
  5.345655142208205E-002
  2.902485019264756E-002
  2.316587508425272E-002
  5.638140341580555E-002
 -0.196852413671970     
  0.166648595277154     
  2.073446852128846E-002
  7.546933167968906E-002
  6.929513472130555E-002
  6.551063745849839E-002
  4.306382941439535E-002
  1.184292670216358E-002
  5.473361865331927E-002
  7.104009440794645E-002
  6.282959467183613E-002
  1.381999269134626E-002
  6.577458993482999E-002
  7.809685405572220E-002
  3.909135296450250E-002
  1.634354844135277E-002
  4.473406285771087E-002
  6.713007136792226E-002
  3.896512511241790E-002
  2.682794852976644E-002
  3.779044071255466E-002
 -0.342808514469694     
  0.159583028828406     
  2.374435517026319E-002
  8.033067930917337E-002
  6.726950475938664E-002
  4.668914948268932E-002
  7.110048489628795E-002
  1.758096219590177E-002
  3.912020413944362E-002
  6.451873058469260E-002
  6.440483533685115E-002
  3.480282160238923E-002
  4.519223012100770E-002
  6.610799119736965E-002
  6.101848588884839E-002
  5.612282084934606E-002
  4.689153314316596E-002
  2.097947934390909E-002
  6.181725204014521E-002
  2.454701412071536E-002
  3.310065343986013E-002
 -0.283635246735186     
  0.172406334591376     
