 -0.145270340921725     
  0.160288014515703     
 -0.531021318239568     
 -0.407085433195870     
  3.802207246697387E-002
  1.884637369780284E-002
  3.610656233245479E-002
 -0.145279757531732     
  0.177891145955238     
 -0.375990495671339     
 -0.510876026228308     
  3.931409906230021E-002
  3.081247984298829E-002
  4.143595216799156E-002
 -0.138673738056458     
  0.165785903413540     
 -0.506016807103771     
 -0.484432919079016     
  3.448113252527674E-002
  3.104864188832102E-002
  3.650588828001322E-002
 -0.183817665631435     
  0.181773172977691     
 -0.432323879247888     
 -0.502448347560622     
  2.186800533532696E-002
  2.128260746111477E-002
  3.205664639407080E-002
 -0.162862136047987     
  0.190771691964538     
 -0.447968105988861     
 -0.442110320632455     
  3.515874953761089E-002
  2.511430079407317E-002
  3.360704276996873E-002
 -0.161974595683765     
  0.185202328557588     
 -0.524229659450391     
 -0.404396824173058     
  1.542575628487985E-002
  4.264024514992248E-002
  2.889042556729593E-002
 -0.167293585204281     
  0.159480615123058     
 -0.451459536710488     
 -0.553334685309732     
  1.949637360153644E-002
  1.813954792685601E-002
  1.718054139474390E-002
 -0.146898060221121     
  0.202341671122829     
 -0.421826579421155     
 -0.391399711919942     
  3.150782390311546E-002
  2.648765616269377E-002
  3.649928871558028E-002
  0.127867364809513     
  0.161314717974999     
   1.25495856370666     
   1.24805530651293     
  5.935012515459515E-002
  3.169083906445325E-002
  4.994508181017521E-002
 -0.169410044956069     
  0.174436732768824     
 -0.480089526737257     
 -0.451738582568739     
  4.215203103855758E-002
  2.681653289275276E-002
  1.224426079000851E-002
  0.153356047192938     
  0.148281356664596     
   2.22026302445748     
   2.35074717720681     
  4.255946794204613E-002
  3.872443779579027E-002
  4.995544388238793E-002
 -0.179516570399118     
  0.208416329590915     
 -0.396594644611103     
 -0.523711286906132     
  2.343209697786397E-002
  3.585414482149418E-002
  4.127932678508439E-002
 -0.150967782202110     
  0.151874907070656     
 -0.525488042747625     
 -0.531168073518995     
  3.129616870490270E-002
  2.843241390346751E-002
  8.205704463163821E-003
 -0.119240271130860     
  0.181848255801585     
 -0.437989451782541     
 -0.417605266936527     
  1.540685383756624E-002
  5.438219057871319E-002
  2.410614887472351E-002
 -0.133275782506115     
  0.164605901670102     
 -0.450867294528102     
 -0.561429784769379     
  1.816253908602539E-002
  4.338096913498757E-002
  3.179789821281087E-002
 -0.147886390181566     
  0.130804242260867     
 -0.504812810908170     
 -0.536982658216013     
  4.012858353394633E-002
  2.257017114576032E-002
  3.588017253237041E-002
 -0.156389614045757     
  0.126885925644621     
 -0.522972196578430     
 -0.550557371722672     
  4.750444526271358E-002
  2.476825157535611E-002
  4.224204536260978E-002
 -0.159363817292217     
  0.183235496242160     
 -0.447321730244920     
 -0.563893095682032     
  2.119625067529163E-002
  3.761809769450530E-002
  5.472166179191307E-002
 -0.134786299383582     
  0.165770824859396     
 -0.479131555404947     
 -0.604754938609044     
  6.968211294847260E-003
  2.075285943637784E-002
  4.213997953582371E-002
 -0.149559400768339     
  0.155217532463964     
 -0.538154055764860     
 -0.539141404132453     
  3.637000447260763E-002
  3.909014024911206E-002
  2.493898430902497E-002
 -0.178074785435285     
  0.166122074719665     
 -0.538877198304943     
 -0.512422364602732     
  2.768842847859887E-002
  3.626654704522425E-002
  1.400118082229251E-002
 -0.138208925857453     
  0.159967973654661     
 -0.490244775887971     
 -0.420724327038874     
  2.166328968526154E-002
  3.507609847315096E-002
  3.853201243365245E-002
 -0.144271651217234     
  0.154197714659207     
 -0.551313750995200     
 -0.509934110564899     
  3.779275908184609E-002
  3.035840547951085E-002
  2.334107093924664E-002
 -0.128113443242464     
  0.169267894524059     
 -0.461498180382447     
 -0.362750672907840     
  5.703347694690841E-002
  4.354894167890233E-002
  3.974960784795134E-002
 -0.171189453113654     
  0.159114075115655     
 -0.552472389341914     
 -0.502748808360925     
  3.718678681590548E-002
  4.459283522281554E-002
  2.489881044078135E-002
 -0.156965772678578     
  0.151724069942577     
 -0.545496187866036     
 -0.531936049069414     
  4.212963706085471E-002
  3.744835488177167E-002
  3.329760906410517E-002
 -0.161559313853691     
  0.165774531926567     
 -0.546422774525508     
 -0.532976480780772     
  2.897315583602278E-002
  3.616778136020027E-002
  4.322300621991138E-002
 -0.184273709833369     
  0.174643618248820     
 -0.450688292497436     
 -0.459338567933260     
  9.023432666531384E-003
  2.548550851078402E-002
  2.679270335488904E-002
 -0.158165637291527     
  0.158819758160108     
 -0.506181096574865     
 -0.529195836096905     
  1.445403299192349E-002
  3.080590620747403E-002
  1.775505882551531E-002
 -0.138811976516635     
  0.189085658329226     
 -0.448270052705598     
 -0.458992856679773     
  1.557003372005994E-002
  8.216416549134298E-003
  4.529383030022094E-002
 -0.174975704001052     
  0.173076047927106     
 -0.477827047097638     
 -0.575654668921423     
  3.850758343962790E-002
  2.778078308659282E-002
  2.183407510470270E-002
 -0.137779214048432     
  0.172044192865534     
 -0.461526311010347     
 -0.475696839468185     
  1.961708122856076E-002
  3.069967933825346E-002
  2.039113574655527E-002
 -0.144109706142896     
  0.117910645100449     
 -0.530067428101453     
 -0.503704450300613     
  4.510140917225192E-002
  3.035956497762038E-002
  2.259395446239576E-002
 -0.172009962876553     
  0.159756839123710     
 -0.529395320524604     
 -0.535531784763391     
  3.445470120877303E-002
  3.244715381212915E-002
  2.645948933752484E-002
 -0.136718078141210     
  0.150840777401458     
 -0.540889654273233     
 -0.551915288641593     
  3.090888273879988E-002
  4.166650787674908E-002
  4.162399512125237E-002
 -6.818435805137213E-002
  0.158698304894605     
   1.19089900660328     
 -0.367064861058687     
  4.071307641962252E-002
  3.137679691717732E-002
  3.253902689979760E-002
 -0.154372873593930     
  0.147743743910613     
 -0.524746132226106     
 -0.538343442184456     
  3.847934655609753E-002
  2.769173347084175E-002
  2.404991503429355E-002
 -0.160752720361183     
  0.155199565886281     
 -0.551129417863463     
 -0.503737248177385     
  2.584351256394790E-002
  2.521893822805366E-002
  1.856212178099614E-002
 -0.138515385087021     
  0.183694753237322     
 -0.518158860531591     
 -0.393323450548764     
  3.855110855669397E-002
  2.249539625103991E-002
  2.492695703118308E-002
 -0.172318570868699     
  0.188654512881755     
 -0.461970962238055     
 -0.504400803285821     
  2.506684446600760E-002
  3.213545663059181E-002
  2.267236538892892E-002
 -0.148316141701323     
  0.148182022124345     
 -0.562998184137669     
 -0.496619114690785     
  3.001747891754591E-002
  3.650418314868698E-002
  2.125666200181808E-002
 -0.160781082325316     
  0.198179260419456     
 -0.411651414840177     
 -0.439885329713339     
  4.582923454804955E-002
  2.445978425061357E-002
  2.871642977159417E-002
 -0.127553361518173     
  0.189867614143638     
 -0.379248831227962     
 -0.370284060482208     
  4.075949343187535E-002
  2.826416769062390E-002
  3.551856424079758E-002
 -0.141457229098504     
  0.177647671272084     
 -0.510489804478845     
 -0.561556584235024     
  3.142380934538880E-002
  2.629217664447581E-002
  2.783434588363842E-002
 -0.148456214617488     
  0.171384654683191     
 -0.479249577118697     
 -0.425747557030978     
  3.883994338713470E-002
  2.733161212914981E-002
  2.939493410341854E-002
 -0.138799789454572     
  0.158559474480923     
 -0.511561281958309     
 -0.568143211780017     
  2.979633701532247E-002
  4.501560851896380E-002
  2.259880272106007E-002
 -0.150715688452260     
  0.145362354762666     
 -0.441413562874697     
 -0.483360068283779     
  3.812180282658195E-002
  3.556166394877969E-002
  2.751445493899030E-002
 -0.138681827945058     
  0.169564546119504     
 -0.526394549819631     
 -0.429335190265855     
  3.273022894090050E-002
  2.752201446568858E-002
  4.249911770388770E-002
 -0.171948009457182     
  0.155547341815006     
 -0.510354168547870     
 -0.532101156403282     
  1.020465339488918E-002
  2.926004199806165E-002
  4.087987053135056E-002
 -0.148091988698234     
  0.161882762150560     
 -0.505406076298218     
 -0.588745598156606     
  2.582311079760713E-002
  3.210837627862329E-002
  3.776401233383098E-002
 -3.539212799835756E-002
  0.178404144614171     
  0.166683557907852     
 -0.266596147977555     
  4.859721973662634E-002
  3.046693950877111E-002
  5.878941767506518E-002
 -0.139035397261869     
  0.207364613188322     
 -0.364863506013774     
 -0.541706306855385     
  2.926439590876562E-002
  5.238889205513964E-002
  2.694543607769762E-002
 -0.156758254461156     
  0.170296891917905     
 -0.428995409584406     
 -0.448559369583114     
  4.195748618202799E-002
  2.803847509089119E-002
  1.238984549309807E-002
 -0.161504202819698     
  0.146194454305135     
 -0.537372146568269     
 -0.531491669859711     
  2.945798240129216E-002
  3.335557123777244E-002
  5.515404019676995E-002
 -0.145698167208324     
  0.152202034314854     
 -0.539432926079956     
 -0.550386335525267     
  5.667930566392521E-002
  2.436493373980653E-002
  1.982234409839467E-002
 -0.137293357996855     
  0.175762912509999     
 -0.421674827420296     
 -0.505930240308461     
  5.120555030163099E-002
  1.541204962526088E-002
  2.993260133963804E-002
 -0.156157918982033     
  0.155932262354515     
 -0.428653224221879     
 -0.523314483612800     
  4.795013443028096E-002
  2.735137347393490E-002
  4.318827517709622E-002
  0.184220546601551     
  0.169735039236332     
   1.31777875296914     
   1.06740213965022     
  4.349725901757973E-002
  5.471027904034931E-002
  3.660263746388093E-002
 -0.188979608596786     
  0.161983000145272     
 -0.499255546378979     
 -0.537353765788450     
  2.275019118704380E-002
  2.676662765124893E-002
  2.418060768829533E-002
 -0.146128055974145     
  0.140510020780791     
 -0.509799519463202     
 -0.562010794522278     
  2.822227802944344E-002
  1.451288057186395E-002
  4.631933546509925E-002
 -0.126738968097843     
  0.173432155621139     
 -0.400679236820405     
 -0.486021936566363     
  3.735956607725988E-002
  3.337283087175680E-002
  2.014765113490968E-002
 -0.168074703428000     
  0.159241796991090     
 -0.541189866426411     
 -0.521893028500353     
  3.344066571698301E-002
  2.921144461835556E-002
  3.542298543914246E-002
 -0.155977402016382     
  0.150777250082659     
 -0.531801455581340     
 -0.520343334116173     
  4.044929558168042E-002
  1.717593467112888E-002
  1.458435630212684E-002
 -0.151069712644325     
  0.195126069763148     
 -0.508151313973912     
 -0.351017135307845     
  2.522252473650977E-002
  2.602208132361916E-002
  4.302194993893993E-002
 -0.133439782940658     
  0.189266295896500     
 -0.576157312812532     
 -0.396557885592417     
  1.076288167300943E-002
  4.600546175799369E-002
  4.635296298382496E-002
 -0.152783403256906     
  0.155213150342645     
 -0.512442097841322     
 -0.521687878154884     
  2.312056896141068E-002
  5.064055218701702E-002
  2.666120424932494E-002
 -0.149173720373921     
  0.160031360093380     
 -0.528643365052621     
 -0.544028206114673     
  3.191506679876865E-002
  2.604259499869033E-002
  1.711866281556162E-002
 -0.168545382899675     
  0.165493138900451     
 -0.547115064401607     
 -0.504581202021740     
  2.905935569546936E-002
  3.805336180115049E-002
  2.922978601041282E-002
 -0.156199746992386     
  0.153524683363432     
 -0.511506402496019     
 -0.554635917361780     
  2.282370279945867E-002
  3.063045163708233E-002
  4.214626385290654E-002
 -0.173619597121617     
  0.151131819344740     
 -0.437069035292910     
 -0.483366329957867     
  2.812821628791107E-002
  3.798842166184013E-002
  2.806134223445389E-002
 -0.150185599148099     
  0.142124370382815     
 -0.531025938882332     
 -0.505225137622959     
  2.576894062865864E-002
  3.115964356265766E-002
  2.159388098413229E-002
 -0.159574051712071     
  0.197574989211601     
 -0.433387660834026     
 -0.406100862062009     
  4.141575877077430E-002
  1.886605593683166E-002
  3.812673387438925E-002
 -0.144643644569872     
  0.161855749849920     
 -0.536138741034938     
 -0.554040214419588     
  4.942880923163540E-002
  2.160689684672212E-002
  2.531828425608684E-002
 -0.156066696782386     
  0.186413214850187     
 -0.406478984029424     
 -0.494251040804632     
  3.217470820911217E-002
  3.125648578889084E-002
  2.275365434745846E-002
 -0.160407137266758     
  0.144119641531506     
 -0.495035564338645     
 -0.547199188962566     
  3.444455834572557E-002
  4.825564796444048E-002
  2.567208384809760E-002
 -0.162453934101872     
  0.190607739404542     
 -0.517675593412698     
 -0.461832621293781     
  1.608490060574697E-002
  3.337880828580519E-002
  4.215807837141883E-002
 -0.155451339136915     
  0.207220667166371     
 -0.366128005606776     
 -0.430205626406408     
  4.637255670589935E-002
  4.402097088333035E-002
  1.771299574500351E-002
 -0.157287512697710     
  0.189368879012642     
 -0.525655584812478     
 -0.369507756437882     
  2.440532543405105E-002
  3.073234165207883E-002
  3.216255759203135E-002
 -0.151859285957637     
  0.158593960042343     
 -0.545320976811721     
 -0.409776106110435     
  5.580376811500953E-002
  4.138351947299801E-002
  2.640537485866334E-002
 -9.908374470446635E-002
  0.153448274934763     
 -0.335664009863297     
 -0.417900057875493     
  2.399245703853237E-002
  2.252477487823557E-002
  3.572331481832558E-002
 -0.147387925049835     
  0.182682094436302     
 -0.399994089199340     
 -0.485440282151453     
  4.452769354939623E-002
  1.840596259444538E-002
  4.367919313572211E-002
 -0.161965127737970     
  0.152781164895432     
 -0.565086101072808     
 -0.471631185124192     
  2.592968590175238E-002
  2.444059073029548E-002
  2.094761533324374E-002
 -0.109935845646119     
  0.163152834442222     
 -0.524936699540335     
 -0.376174738935678     
  4.912222902818153E-002
  2.837304359272674E-002
  2.298009227561726E-002
 -0.206985642094550     
  0.132702647212080     
 -0.465074543028267     
 -0.489720139206137     
  2.096404154032860E-002
  2.646505145089972E-002
  1.221614796931403E-002
 -0.146657409604818     
  0.201686407565013     
 -0.426103730494748     
 -0.334148261663803     
  4.141578692651959E-002
  1.606154155961304E-002
  3.635221050392734E-002
 -0.128648070175686     
  0.170271615682597     
 -0.532712394894235     
 -0.463753283917071     
  5.567002339184057E-002
  2.217844331367691E-002
  4.965245730883938E-002
 -0.136057327776696     
  0.171014804368511     
 -0.478071621874890     
 -0.489481371470054     
  3.438461573545104E-003
  4.142249800024622E-002
  2.917691662783584E-002
 -0.136354112068933     
  0.179858728634188     
 -0.466059129750241     
 -0.474379505079316     
  3.056966126103999E-002
  3.709329088922753E-002
  4.224551128666199E-002
  0.174291187739486     
  0.159337200677776     
  0.724276333507405     
 -0.236232565658700     
  2.158332574469890E-002
  3.684197918395338E-002
  4.051797832666759E-002
 -0.172427643211478     
  0.202913054821816     
 -0.474179959198328     
 -0.419395616307311     
  2.117774743164258E-002
  2.216234275233031E-002
  2.600199755670685E-002
 -0.164330321251929     
  0.191602956057284     
 -0.504480804039891     
 -0.407585468037095     
  4.787183116168203E-002
  3.036697994907112E-002
  3.101566888708651E-002
 -0.159018513730487     
  0.171871846634370     
 -0.418505794208850     
 -0.513618700975311     
  1.537928853207104E-002
  3.327109667265737E-002
  3.662856532251202E-002
 -0.155385867764188     
  0.175714451262895     
 -0.464818218505401     
 -0.478501658336331     
  1.687242335792194E-002
  3.483804491284404E-002
  2.736597783526562E-002
 -0.136231498717352     
  0.173917892387296     
 -0.490601256431493     
 -0.447672278414021     
  3.388181742773666E-002
  2.913345446773641E-002
  2.091919507566131E-002
 -0.153884078712811     
  0.143774385440103     
 -0.448413398838870     
 -0.496396794620233     
  4.383883869497140E-002
  5.654326760859207E-002
  2.112375767367247E-002
 -0.176334529691979     
  0.147399305322857     
 -0.493671378455458     
 -0.524287429113180     
  3.327899381657184E-002
  8.445678008132562E-003
  3.119247971520289E-002
  0.167953519148670     
  0.185165070740855     
   2.32603719145356     
   2.18424096460957     
  4.252283403426427E-002
  4.062613185636321E-002
  4.169388298118315E-002
 -0.146383778476014     
  0.166965532630306     
 -0.387529760614980     
 -0.430972222143326     
  3.614459336846843E-002
  4.404795217011714E-002
  2.501072228179424E-002
 -0.158246410333431     
  0.147029181348059     
 -0.508141808912531     
 -0.536613777746874     
  1.631134930365952E-002
  3.255487545675129E-002
  2.847956988182843E-002
 -0.148040386397043     
  0.167883262145775     
 -0.526050743597643     
 -0.453264261275984     
  2.145670021995461E-002
  3.839536646498254E-002
  3.718451675891954E-002
  2.514631363202424E-002
  8.838996923534648E-002
  6.336064523839990E-002
  6.788516652522114E-002
  6.739815920167336E-002
  4.610993483237458E-003
  5.796363607628552E-002
  6.383730075635052E-002
  9.339659681376400E-002
  1.499901387637470E-002
  6.538539329831983E-002
  4.487885980999440E-002
  6.406970939739098E-002
  4.630254001599843E-002
  5.663035647614878E-002
  5.255498441583029E-002
  2.789395499825176E-002
  2.104500820835220E-002
  5.251585686491522E-002
 -0.254100214977163     
  0.165235503216064     
  2.586529755408851E-002
  8.311286723337652E-002
  6.245046417020506E-002
  4.575449727678804E-002
  7.507642631523193E-002
  3.993592372819954E-002
  5.418156605025226E-002
  5.704319871685659E-002
  7.697890471787550E-002
  2.432770677255469E-002
  6.839087515393727E-002
  5.700842769151071E-002
  6.369921532448919E-002
  4.686784215852091E-002
  4.946881852405183E-002
  5.911341980390306E-002
  1.067414749337159E-002
  5.374336594343931E-002
  7.880566554407387E-003
 -0.277710552481563     
  0.158508096654229     
  1.447469267986667E-002
  9.855687576339989E-002
  4.462741512633384E-002
  4.897125407407288E-002
  6.371674559481555E-002
  4.267639284953839E-002
  6.389937120649469E-002
  6.999287869525350E-002
  6.697945655207860E-002
  3.659044678272627E-002
  7.453319577267914E-002
  7.441761155054105E-002
  5.669981737740248E-002
  2.585495154902739E-002
  7.010589230869047E-002
  6.511132213288340E-002
  3.328027969183811E-002
  5.112979196383260E-002
  4.938590210359362E-003
 -0.178692357468567     
  0.156909120434509     
  2.242816798713854E-002
  0.116419962547837     
  6.787304323290133E-002
  6.023669899068407E-002
  6.935828429333524E-002
  2.791711309411804E-002
  4.850107980420970E-002
  7.065842623248231E-002
  7.306763279067707E-002
  6.269085215117709E-003
  6.516361031486062E-002
  5.374425813907024E-002
  4.285645589765230E-002
  2.534921255910083E-002
  6.017610075188773E-002
  6.750197458578877E-002
  2.074677577555795E-002
  3.418762570983558E-002
  5.153708290263359E-002
 -0.336147381748459     
  0.144596165078928     
  4.224081530023094E-002
  8.490508252655182E-002
  7.093585783269996E-002
  8.262312206289191E-002
  6.038565239745552E-002
  2.605916293374255E-002
  3.963082294394893E-002
  7.236940059878605E-002
  5.853699440393645E-002
  1.523083638556555E-002
  8.642190571581754E-002
  3.225453395561073E-002
  6.178486255568749E-002
  5.380174831540074E-003
  4.955953613750941E-002
  6.030067197936806E-002
  1.416346489000064E-002
  6.313946722114827E-002
  3.422695287636568E-002
 -0.281066948543947     
  0.148280140245093     
 -0.127940147940326     
 -0.327646826795184     
  5.188889579515943E-002
  6.213666768205039E-002
  5.092554144310080E-002
 -0.100624727523834     
  3.841161369579693E-002
  5.046501969079886E-002
  4.989249191468337E-002
 -7.203446177372985E-002
  2.510638079698757E-002
  6.559155077479861E-002
  7.026881231295334E-002
 -0.665168122292471     
  2.842833766253094E-002
 -4.835573717952846E-003
 -0.127234690113213     
  2.761347718579099E-002
  2.098233410644867E-002
 -0.294930243161449     
  0.160592795686904     
  4.030206443547302E-002
  0.101170377072709     
  6.730800519564617E-002
  8.581209101912768E-002
  5.345862275145319E-002
  1.577903632999211E-002
  8.232790944972079E-002
  3.956081801672506E-002
  3.607959995847509E-002
  2.803449302753824E-002
  6.181079706134107E-002
  6.934608670328679E-002
  5.886126429651062E-002
  7.155401923676363E-002
  6.599158709378750E-002
  7.484505464991520E-002
  2.595061800933429E-002
  2.298948022663094E-002
  3.167758525288611E-002
 -0.206406336212004     
  0.148824977672325     
  8.191806000491741E-003
  8.729592320447743E-002
  6.601126651525702E-002
  5.745778356109144E-002
  5.182970024833111E-002
  2.160274768647241E-002
  6.386774935732464E-002
  7.360712868133990E-002
  5.275821237796152E-002
  3.148096341727591E-002
  7.843053607985351E-002
  6.873231200123142E-002
  5.367616846209688E-002
  5.204706827422267E-002
  6.373777385288759E-002
  5.304651166265828E-002
  2.767246879878549E-002
  1.455009099153737E-002
  5.187540950279468E-002
 -0.275763597894978     
  0.157637381658666     
  3.332643144480496E-002
  0.113964175975370     
  8.574255632431715E-002
  6.090301934101761E-002
  6.927304480614815E-002
  2.940357743998323E-002
  8.026009828427427E-002
  5.080174533040471E-002
  5.603418990968012E-002
 -9.685753867650249E-003
  4.128896080821420E-002
  5.063512391940572E-002
  0.102064932614037     
  1.228887760678843E-002
  4.593105812388198E-002
  4.287807678167332E-002
  3.751539971530971E-002
  2.541121277411895E-002
  5.741691369003799E-002
 -0.193939283303118     
  0.178304491896471     
  2.924601622420786E-002
  9.104334218038357E-002
  7.691938089159711E-002
  5.863585640777824E-002
  5.933711754758964E-002
  1.807092640565333E-002
  6.589718736321348E-002
  7.420409598286415E-002
  5.504147608000798E-002
  7.894305059842566E-003
  6.650359280344575E-002
  5.110693318203396E-002
  4.954757343375205E-002
  1.699934352217802E-002
  4.792119830114372E-002
  4.522091037885578E-002
  4.128028426193042E-002
  3.822825329053303E-002
  2.439395405879574E-002
 -0.281852896315929     
  0.170437940916020     
  2.784304581283958E-002
  0.107703358799279     
  6.553871658148092E-002
  7.307779183385987E-002
  4.783618323589822E-002
  2.981084082653362E-002
  6.830301382438653E-002
  3.520207252247176E-002
  7.447019668546406E-002
  4.399776134275779E-003
  7.694964883771005E-002
  6.591742848841065E-002
  5.972064780921893E-002
  6.434398993409696E-002
  5.217822172791120E-002
  8.041566379908771E-002
  2.554976772220297E-002
  4.126938227021271E-002
  6.059228603191968E-003
 -0.201219026081084     
  0.157893934377792     
  1.524534817425183E-002
  7.839871828855216E-002
  7.824976127002092E-002
  6.226754411853652E-002
  5.386268278342476E-002
  4.292890034316521E-002
  6.972087584879838E-002
  7.378571066961326E-002
  6.669544116499160E-002
  2.078581614469943E-002
  7.174187200464122E-002
  3.910739123860429E-002
  5.034381209848782E-002
  3.980286823344548E-002
  4.552560138358108E-002
  5.844205876976349E-002
  2.270631821943292E-002
  4.131153910854313E-002
  2.151738708100215E-002
 -0.321440154492274     
  0.161549901180295     
  2.581738085227459E-002
  7.511378234625443E-002
  4.030112918053308E-002
  6.633342216500260E-002
  7.221792625565615E-002
  2.116153593116143E-002
  6.533351813094701E-002
  7.245848660067278E-002
  4.771120768000370E-002
  1.513006334608002E-002
  8.402708371824397E-002
  5.912220501781362E-002
  5.307135693895992E-002
  6.892823166264472E-002
  4.820383473533918E-002
  6.947075988571627E-002
  7.579189654443930E-003
  2.242319241969704E-002
  4.249603098671051E-002
 -0.305001931090441     
  0.146424971781794     
  8.690207504103320E-003
  7.729015212708035E-002
  6.200845026954271E-002
  7.166815444621633E-002
  5.797354044899095E-002
  1.707544768538849E-002
  4.279291287240528E-002
  7.821476726979193E-002
  5.094781331480625E-002
  4.724883170170413E-002
  7.005241946442309E-002
  6.695376898236216E-002
  7.194238586844770E-002
 -3.366132254208232E-003
  4.195186822182717E-002
  6.159499072809071E-002
  4.022392650481965E-002
  2.590537903667467E-002
  3.558888119334258E-002
 -0.346946754372003     
  0.151545653482970     
 -0.196028143482743     
 -0.260286170884274     
  2.296306524383773E-002
  5.280550743521661E-002
  2.419758435586516E-002
 -0.120248849349520     
  5.198212718938844E-002
  2.373014442739918E-002
  4.466827645878579E-002
 -7.156158271342594E-002
  5.398886259814883E-002
  4.281623284170610E-002
  7.186267083783171E-002
 -0.511328052536458     
  1.893432497462189E-002
  4.003608460250718E-003
 -0.199172079395447     
  6.373383850947545E-003
  2.287856392458809E-002
 -0.280613111116798     
  0.159909136537288     
  2.989340540030083E-002
  9.773257349274012E-002
  5.466274457188791E-002
  7.955500790613890E-002
  6.128853087123198E-002
  1.855897032006704E-002
  5.767669127342878E-002
  6.980301961324764E-002
  6.898906100295588E-002
  1.637993580596264E-002
  4.798643363501676E-002
  8.495957794961717E-002
  6.134618069324904E-002
  3.251184992472478E-002
  5.175740473544255E-002
  7.016069991656915E-002
 -6.334042624912328E-003
  3.018294947409927E-002
  6.516446428864109E-002
 -0.333219403025192     
  0.145151225774447     
  1.487938729568361E-002
  7.162733907793495E-002
  8.553454715040909E-002
  6.896414629775582E-002
  8.425668849779167E-002
  2.338418828038291E-002
  8.041490499431214E-002
  3.169417186021750E-002
  5.306234823652600E-002
  7.932081535292568E-003
  5.997876555442627E-002
  7.989416618642031E-002
  5.289160113689262E-002
  4.744864096420631E-002
  7.973905004421222E-002
  6.959307602922438E-002
  2.445566837256097E-002
  1.921739944918710E-002
  3.439875888572752E-002
 -0.162428832006802     
  0.149528028688920     
  1.872936283525872E-002
  0.120078665023652     
  6.290123946251835E-002
  6.951888282118124E-002
  5.786504924798253E-002
  3.188789543251680E-002
  5.425155566328532E-002
  7.030562306117905E-002
  6.229042101366777E-002
  2.231840834255783E-002
  5.432553215593139E-002
  7.260178111937876E-002
  6.635503819379485E-002
  2.538909624541130E-002
  3.549756818971350E-002
  5.585408535465985E-002
  3.929224643688833E-002
  6.327514335508633E-002
  3.500003950813946E-002
 -0.197481983488397     
  0.151628288297264     
  2.266976290436018E-002
  0.105377682010321     
  6.321669317040091E-002
  8.008708419871724E-002
  6.257890581627379E-002
  2.762105051967900E-002
  6.762438803919213E-002
  6.728646373174618E-002
  6.313168315308915E-002
 -1.583930012188262E-003
  4.361623413304594E-002
  4.879099319466884E-002
  7.989248584039954E-002
  4.679626580214036E-002
  5.492499042460364E-002
  7.254533529993579E-002
  2.284523665322435E-002
  2.148662439451676E-002
  4.961897560322259E-002
 -0.179600800194916     
  0.163305764721481     
  3.589294332732740E-002
  0.103971627951836     
  4.831297991782502E-002
  7.570636552411125E-002
  5.033820833775149E-002
  1.888815922324838E-002
  5.372231917403891E-002
  8.354932561005712E-002
  6.373181471898626E-002
  2.016281565585665E-002
  6.751472962237737E-002
  4.657855885005080E-002
  6.832662683426394E-002
  1.433215769541452E-002
  5.598056197234558E-002
  7.328993966083175E-002
  3.757344644411909E-002
  4.733021951377114E-002
  8.746790863665921E-003
 -0.230225279543563     
  0.176231641831018     
  1.217217464906861E-002
  0.112099902784204     
  5.124561710236097E-002
  6.793145933217970E-002
  6.911984998872922E-002
  3.130633894880575E-002
  7.224729116169459E-002
  7.611923839361856E-002
  6.424903390378389E-002
  1.283770917103233E-002
  5.082110071137880E-002
  5.620149674376562E-002
  7.840188767910850E-002
  2.686961150468736E-002
  6.785292698695211E-002
  2.117912785026210E-002
  2.878987856342885E-002
  4.151208073206247E-002
  4.086428282603083E-002
 -0.317819949046804     
  0.169185159012946     
  3.076263915974398E-002
  0.102277691801377     
  5.675780355335602E-002
  7.351077543557560E-002
  4.971183328060069E-002
  4.557421465251732E-003
  6.547731762930931E-002
  5.473713097770916E-002
  6.905389389537353E-002
  4.652745699138139E-002
  8.239517365455373E-002
  5.751354484318283E-002
  5.803117715012851E-002
  3.902187907924004E-002
  4.664385914797109E-002
  5.955520531742953E-002
 -1.044259188484098E-002
  5.896946417546689E-002
  4.573712321670653E-002
 -0.320138020017837     
  0.153477953703040     
  3.155487222074616E-002
  0.104416486235111     
  8.188710984160086E-002
  6.089240996832235E-002
  4.296582412658367E-002
  3.320942057061105E-002
  7.191368457940128E-002
  7.069170518839984E-002
  6.828229721619428E-002
  3.948941482635560E-002
  6.129940869372008E-002
  7.867335575853485E-002
  3.795551289310739E-002
  2.992189191299177E-002
  5.032309614405073E-002
  3.419020791388583E-002
  5.546211473929352E-002
  4.144700695776482E-002
  3.115134565616129E-002
 -0.197984476081609     
  0.159001652528922     
  4.442145277517362E-002
  8.952222922571629E-002
  6.026219209631078E-002
  6.205223415618322E-002
  6.864808626293106E-002
  1.073077570604442E-002
  7.100348628835906E-002
  7.272620300543386E-002
  5.784085833152308E-002
  1.649879635363627E-002
  3.474072784826232E-002
  4.914025451049631E-002
  7.373489245788900E-002
  4.217939044853880E-002
  5.747410774615902E-002
  6.152196024514034E-002
  1.450331054269993E-002
  6.563182547982793E-002
  7.164895863776333E-003
 -0.327567318198255     
  0.144804292219615     
 -0.282972143989055     
 -0.286476791619146     
  2.180940351356475E-002
  3.298317423475550E-002
  5.110568241124847E-002
 -0.279070258138809     
 -3.990389278087703E-003
  8.912434349525600E-003
  2.215230253402856E-002
 -9.499294156938998E-002
  5.117227671537450E-002
  5.161761401705944E-002
  7.604519079608674E-002
 -0.314920775082064     
 -6.476680658183298E-003
  1.300459786945662E-002
 -5.504246232941945E-002
  2.337112378100070E-002
  6.131478619378850E-002
 -0.229316356561967     
  0.163982519224558     
  1.984344320602904E-002
  7.759094668770850E-002
  7.444540536463917E-002
  4.754450122863485E-002
  4.512208649421512E-002
  1.535810961459694E-002
  5.900309988598385E-002
  5.376247442448423E-002
  6.949866259836446E-002
  1.282765018478660E-002
  6.502802787048811E-002
  7.188471384122597E-002
  4.198658635357888E-002
  3.358465425313151E-002
  6.015737010714306E-002
  6.406089725173558E-002
  2.071733838087875E-002
  4.536777563983840E-002
  3.884729263339137E-002
 -0.390241895275369     
  0.150920577060671     
  4.552088166805701E-002
  7.562074634607541E-002
  6.273817864203135E-002
  4.819667734273037E-002
  8.285689107657834E-002
  1.877524816138720E-002
  5.360353009879060E-002
  6.784681160832606E-002
  7.603781375616880E-002
  3.101744078423785E-003
  3.942885449860167E-002
  6.312715643195266E-002
  0.112442193214533     
  1.610467518938075E-002
  5.809153360512576E-002
  3.345515122446163E-002
  3.269568445245152E-002
  2.123010572541439E-002
  3.783385788769156E-002
 -0.258823295237066     
  0.162960068480982     
  3.017917076001453E-002
  9.813832202481176E-002
  8.710575474934856E-002
  3.470290205149729E-002
  7.301328736871104E-002
  1.285259568367181E-002
  7.650354355207512E-002
  4.955008528295424E-002
  7.087527349996747E-002
  2.074053316078350E-002
  5.604944400751311E-002
  7.276751286724681E-002
  6.450729970631086E-002
  2.422605864003691E-002
  5.963152155078311E-002
  5.597224540660062E-002
  3.764998277392273E-002
  2.842161929541587E-002
  4.472730547300574E-002
 -0.263380471221152     
  0.148127863761412     
  2.722784084985452E-002
  8.965009273172253E-002
  5.451314285324482E-002
  6.731688803527469E-002
  6.518851354174349E-002
  1.283640304116940E-002
  7.241292849226344E-002
  5.804896293592121E-002
  6.648885338028798E-002
  1.916130067098187E-002
  6.846853314231582E-002
  6.075536509605906E-002
  5.080502833791722E-002
  2.738409091166139E-002
  6.785518733438600E-002
  5.702382882852697E-002
  8.061067889425733E-003
  1.155149740084360E-002
  2.848625421651463E-002
 -0.320644528069661     
  0.165306135939565     
  2.340291038090880E-002
  9.580806042133538E-002
  5.877948501074515E-002
  7.330053777251255E-002
  5.443275098292510E-002
  1.810699894185364E-002
  6.660949206373834E-002
  6.124796088853768E-002
  6.302807763108176E-002
  9.650656902835841E-003
  4.755209467571242E-002
  5.549825138089259E-002
  6.867619073301179E-002
  5.344089855512824E-002
  3.624115539670147E-002
  6.811076230123492E-002
  3.653107147720380E-002
  4.747979107275391E-002
  3.144420774413337E-002
 -0.273014287927137     
  0.161838194164360     
  2.833309940550111E-002
  9.917691989965682E-002
  4.642896279582098E-002
  8.536468169145117E-002
  7.014078863603745E-002
  1.591722292048781E-002
  4.818225561894840E-002
  6.957667963004910E-002
  6.047842107493018E-002
  2.937996834009970E-002
  6.222312308257749E-002
  4.896865221433189E-002
  7.628414481069401E-002
  5.341638268226978E-002
  6.719225605806145E-002
  5.660741706374361E-002
  3.038467039608372E-002
  3.444256676803192E-002
  4.737507602672486E-002
 -0.203553141066974     
  0.157139081657171     
  1.614666838886114E-002
  9.023210280570559E-002
  5.967686152462115E-002
  6.668834404070534E-002
  5.957898963048791E-002
  2.790044938117786E-002
  4.872105482958500E-002
  7.945727803048208E-002
  6.256803756513407E-002
  2.302372705912381E-002
  6.782782290299449E-002
  6.409980289003747E-002
  7.226620956877483E-002
  2.638152410878192E-002
  5.837270331734057E-002
  3.956078405750629E-002
  1.748760704114805E-002
  4.160927184926255E-002
  4.097172736834920E-002
 -0.371538003740163     
  0.144111127721001     
  1.915634392180188E-002
  0.104954657016679     
  8.265975546604143E-002
  8.114686027099838E-002
  3.115607687381405E-002
  3.245476354975896E-002
  7.578620203325970E-002
  7.566534350728704E-002
  5.341044899686842E-002
  1.978288269768136E-002
  6.852184383106552E-002
  5.619228962047529E-002
  4.362969745855039E-002
  1.369267010918529E-002
  6.286900562175457E-002
  5.978717218382934E-002
  3.204695715310413E-002
  3.060592172633581E-002
  3.744291885704665E-002
 -0.172293543808990     
  0.158307445877794     
  2.502156357190177E-002
  9.066306226717025E-002
  5.359342121781341E-002
  6.095884248153294E-002
  7.711013851200665E-002
  9.653220185995348E-003
  7.968617096585884E-002
  6.286695577218726E-002
  5.357602871095468E-002
  1.492670461399159E-002
  6.138091712707983E-002
  7.188190484289148E-002
  4.925716880646613E-002
  6.870376666205091E-002
  7.921142239033185E-002
  5.993886684195415E-002
 -1.086051425039258E-003
  3.024229922939004E-002
  5.712612575583209E-002
 -0.336626313450102     
  0.153363180425656     
 -3.924199085216351E-003
  9.946541707965473E-002
  9.132462339349623E-002
  5.952261645805612E-002
  4.731699096445874E-002
  3.690052695673884E-002
  4.521231674239845E-002
  8.477317248732552E-002
  7.645567392248942E-002
  5.441245118372073E-003
  5.715879980911676E-002
  6.739590292349296E-002
  6.752556053879244E-002
  4.636929870835171E-002
  7.803142984480516E-002
  3.701903419647912E-002
  3.783115795208847E-003
  6.101510181512093E-002
  3.911483519878922E-002
 -0.294216979292966     
  0.174390198876952     
  2.228251904924150E-002
  8.686608433097920E-002
  5.280950057942180E-002
  5.636525742364606E-002
  7.099856956707773E-002
  3.059081496415894E-002
  6.805605667674886E-002
  3.412658519491574E-002
  7.983515183508894E-002
  8.764711817405235E-003
  5.903195439420839E-002
  6.566811494030700E-002
  4.680523712149187E-002
  3.305738097939148E-002
  5.911510922180596E-002
  5.013758799396895E-002
  2.864703726835272E-002
  1.549272058688023E-002
  2.731520862140380E-002
 -0.289424244745379     
  0.163069308212457     
  2.969240990297539E-002
  9.133000975861272E-002
  7.470824706504686E-002
  5.757835878118023E-002
  8.558463214301193E-002
  3.006054777110512E-002
  5.197142858393211E-002
  9.282967680193444E-002
  4.163958028083536E-002
  1.369371042076484E-002
  3.915726408387132E-002
  4.562303835029213E-002
  6.641877523646367E-002
  3.534341633966287E-002
  4.930804839359260E-002
  5.928787119746737E-002
  4.359921006118572E-002
  4.529027603575608E-002
  3.811764769179604E-002
 -0.161326859247789     
  0.156801911514952     
  3.186993499394708E-002
  9.853483841364330E-002
  6.602664215619347E-002
  6.920123791915145E-002
  5.780788222447997E-002
  2.639468473029094E-002
  6.844282034760862E-002
  6.031385674967527E-002
  7.309586818061831E-002
  1.029154974677926E-002
  4.708648399107207E-002
  4.496125862978129E-002
  7.148352716618933E-002
  4.205709284609993E-002
  5.446227296079542E-002
  7.282919410895849E-002
 -3.893230213122045E-003
  4.197112222928079E-002
  3.839242123802644E-002
 -0.282926155795098     
  0.148750218500458     
 -0.200233504323985     
 -0.326245330049021     
  2.465254556216279E-002
  6.366828953943748E-002
  3.732188471398834E-002
 -0.178525536504611     
  4.839647829501970E-002
  6.550115957240510E-002
  4.060775081767032E-002
 -0.226209017014606     
  5.260144230136043E-002
  3.987905783663759E-002
  4.448033477807245E-002
 -0.457506315673977     
  1.989981415779418E-002
  1.853793914873203E-002
 -5.920160754202097E-002
  5.516873902995512E-002
  2.902095859182574E-002
 -0.240420164599161     
  0.146438195953306     
  3.085587254369759E-002
  9.626103977291667E-002
  6.097970312588297E-002
  7.148880953888093E-002
  6.030606292489693E-002
  2.043784063347154E-003
  7.193296355881962E-002
  5.521476057693031E-002
  5.656324260755341E-002
  1.840302459105780E-002
  6.504490539848562E-002
  7.096538305622280E-002
  6.201132137923493E-002
  1.099945103104227E-002
  4.033841210928324E-002
  6.029310521986897E-002
  1.932505553376274E-002
  3.504501209257316E-002
  5.801425303474750E-002
 -0.279510137302382     
  0.165343760644146     
  4.729707225971769E-003
  8.176784951581784E-002
  5.574766911009477E-002
  5.333904041196191E-002
  4.893410526191699E-002
  4.525612887656161E-002
  7.336039981817055E-002
  6.088879413792481E-002
  6.731362623931270E-002
 -1.598757433787501E-002
  7.065129141813453E-002
  7.140456827843245E-002
  6.302975813821021E-002
  2.475863313537952E-002
  4.451319244445262E-002
  6.830662765189877E-002
  3.347188484287589E-002
  4.574534302029221E-002
  2.431863289256708E-002
 -0.224660246915599     
  0.162678029477795     
 -0.473369943599169     
 -0.319368633130503     
  1.933909768781317E-002
  3.367948191765591E-002
  2.324009166699947E-002
 -9.926475320388661E-002
  5.609443785558654E-002
  5.429636034770546E-002
  4.016087155429349E-002
 -0.221292812940819     
  4.222510011545710E-002
  2.938902387402464E-002
  4.719862561799171E-002
 -0.273818060234380     
  5.255848450023937E-002
  3.119435600727150E-002
 -3.031812979036275E-002
  4.481193346957613E-002
  3.909793626842040E-002
 -0.227655270067139     
  0.157788236084546     
  2.353044039826546E-002
  9.888963892615976E-002
  4.329878529784403E-002
  6.709418481171847E-002
  6.461545602760954E-002
  3.541758831546060E-002
  4.783580708229507E-002
  7.270953806951908E-002
  7.210060976056065E-002
  2.390978939157185E-002
  8.668187734313659E-002
  6.898771546012716E-002
  3.749761173977462E-002
  6.335698670465062E-002
  8.065801971818876E-002
  5.822427873613467E-002
  2.309912299525196E-002
  1.629579839108852E-002
  4.290798888452052E-002
 -0.187629786197788     
  0.153478437404831     
 -4.308994074765593E-003
  8.642068882858123E-002
  6.243343835025583E-002
  7.766305227901404E-002
  5.419644856870631E-002
  3.483733915687637E-002
  9.151863456668241E-002
  6.000942635769191E-002
  5.290357816280722E-002
  2.994765859968540E-002
  6.614933774481813E-002
  4.272439899470015E-002
  7.749366976348460E-002
  8.258357624217627E-002
  8.160291058994029E-002
  7.646739801582469E-002
 -7.946944677224010E-004
 -6.518057871896854E-003
  2.434187671842991E-002
 -0.334418647935946     
  0.146662865138020     
  5.208485096065196E-003
  8.888285420874809E-002
  4.822541871489905E-002
  6.520029258357929E-002
  6.149871882973068E-002
  1.352201472786563E-002
  6.237197706206055E-002
  6.176212456613561E-002
  7.671980963984559E-002
  2.203521656806684E-002
  5.471302530830713E-002
  6.660467588436492E-002
  6.983475061059918E-002
  2.207660886799712E-002
  5.038516920923608E-002
  5.041269754202793E-002
  3.079190009057520E-002
  5.277619456087723E-002
  4.923892126495488E-002
 -0.284220584671743     
  0.157865670074682     
  2.963110971148231E-002
  7.837576960638160E-002
  8.022034117307886E-002
  5.556789516913141E-002
  5.465546185889791E-002
  2.490419002617550E-002
  4.878983629191802E-002
  7.634595717404291E-002
  6.475780176099322E-002
  9.317584640048615E-003
  5.713805526817828E-002
  5.586015843409942E-002
  8.053254178295510E-002
  3.341134248329647E-002
  3.292842234093962E-002
  8.650000123164026E-002
  9.916659236036907E-003
  4.297939101955572E-002
  3.155913497817042E-002
 -0.313343738010881     
  0.156913066161320     
  3.361137532681369E-002
  8.299503748641790E-002
  6.600230348193814E-002
  6.617070288182436E-002
  5.963387095185191E-002
  2.011528104161941E-002
  6.625782681605641E-002
  6.224152604102084E-002
  6.237230826991202E-002
  2.953191559467250E-002
  7.410307993075993E-002
  5.680827743683226E-002
  6.774055866564954E-002
  4.161721290728027E-002
  6.346288475829331E-002
  3.429720489531762E-002
  3.833691048494625E-003
  3.474534196386336E-002
  3.748198868295438E-002
 -0.370059527522666     
  0.155576811999665     
  3.391113031550219E-002
  9.602716331363048E-002
  7.506459981684444E-002
  4.953701247144116E-002
  5.832572911629874E-002
  1.996193555243142E-002
  5.971561298695904E-002
  5.773893053493451E-002
  5.673446719338548E-002
  3.083625176588445E-002
  6.264346739594195E-002
  5.921878398682723E-002
  7.822140455199189E-002
  3.585086350933642E-002
  4.950789187663984E-002
  6.945370255808270E-002
  2.722748501158723E-002
  3.678121722480987E-002
  2.991249679679997E-002
 -0.240783267709140     
  0.163248136613282     
  3.589307213391102E-002
  8.306471614866240E-002
  5.755813265781839E-002
  6.606954552126088E-002
  7.108123453451065E-002
 -3.626321962923829E-002
  6.757110598787031E-002
  5.142293487678151E-002
  5.653540749607733E-002
  5.372758636626251E-002
  6.829431150468623E-002
  6.823660215114780E-002
  7.790901991182153E-002
  3.930974117518993E-002
  6.380223682402053E-002
  5.343338485055771E-002
  8.941754299353732E-003
  5.146366719555306E-002
  2.840881351024638E-002
 -0.326012070962475     
  0.148145712859413     
  3.252075249457853E-002
  9.444588328694170E-002
  5.279526854477490E-002
  8.128673401326103E-002
  6.575584910571375E-002
  2.479323331649042E-002
  5.875333834858043E-002
  5.496383558945706E-002
  5.682122693426916E-002
  3.624805452587054E-002
  4.664966155343686E-002
  8.992156611943136E-002
  4.968099344225951E-002
  3.493310528198501E-002
  6.683408683699132E-002
  6.332535545404050E-002
  4.609867738321238E-002
  4.465710200675299E-002
  2.572432105361178E-002
 -0.216519340149581     
  0.177954256259536     
  2.344977558029759E-002
  8.738935669425540E-002
  6.844978287868575E-002
  5.952177889996735E-002
  6.573524823423604E-002
  7.427073945971419E-003
  6.012911660344589E-002
  6.577733907794658E-002
  7.104533606560148E-002
  5.005366586538829E-002
  7.965786596201341E-002
  7.130145995917492E-002
  6.121198672030548E-002
  4.223029917940035E-002
  2.657774917845956E-002
  6.299518630680190E-002
  4.607663142215790E-002
  3.778021527932374E-002
  3.878136126347775E-002
 -0.221521559630414     
  0.168584582162944     
  3.199219855481461E-002
  9.883850487116508E-002
  8.340716962004247E-002
  5.443682833400521E-002
  6.985025118513943E-002
  2.446896590418657E-002
  5.432244905690098E-002
  7.124906083571214E-002
  7.059138071929616E-002
  1.441690068077728E-002
  7.665827515213786E-002
  6.284603155119173E-002
  8.102036767164700E-002
  2.202974704461980E-002
  3.661968923275494E-002
  4.647332114067237E-002
  2.701260788062987E-002
  4.805971598735248E-002
  3.559705222029952E-002
 -0.290306486816556     
  0.170090814195066     
  2.498269771397776E-002
  0.105922270504001     
  5.817666886459094E-002
  4.003668626524837E-002
  8.200772416353841E-002
  2.151677306355815E-002
  5.288648682586006E-002
  7.987543080104154E-002
  6.390048768362044E-002
  8.811445377080673E-003
  8.554343704513834E-002
  4.637331988496363E-002
  5.760232337344862E-002
  4.250918681854854E-002
  5.216898759446875E-002
  4.101723606252139E-002
  3.804924736957238E-002
  4.558744749871391E-002
  4.930461101559247E-002
 -0.296689438134252     
  0.144330675188504     
 -4.336835614733303E-003
  0.104570946084004     
  6.937369227199497E-002
  6.857864566892036E-002
  4.410986302458930E-002
  1.173017188841063E-002
  6.921324193495670E-002
  7.268129833891501E-002
  6.177892651332739E-002
  8.446224567164595E-003
  4.841300641327606E-002
  6.610821205178763E-002
  7.273086095446346E-002
  1.570609131625833E-002
  5.064187557317323E-002
  3.694218912723513E-002
  3.669609806449836E-002
  5.886026755780860E-002
  3.202070793090217E-002
 -0.342983573299307     
  0.153639536502952     
 -6.698573097538052E-002
 -7.254994762497891E-002
  5.170821520217728E-002
  6.534140701551983E-002
  4.045783107429934E-002
 -6.247858768806402E-002
  6.488601526062632E-002
  4.703628439190466E-002
  3.870814847619186E-002
 -7.510331321247943E-002
  5.136884799056929E-002
  7.024087339056462E-002
  3.330664709682163E-002
 -0.139351679443770     
  3.603891500215028E-002
  4.827462010621064E-002
 -2.939168248342927E-002
  2.973561558322690E-002
  4.507588987081179E-002
 -0.219455678401462     
  0.154864907914639     
  1.686058847816918E-002
  0.103947093998274     
  7.383494693799242E-002
  3.950043324144581E-002
  6.329165981148177E-002
  2.828087891321740E-002
  6.649118202438009E-002
  6.480792170726790E-002
  6.674352318650822E-002
 -5.493404104957911E-003
  5.111107636191636E-002
  7.085582010133085E-002
  6.969431299665418E-002
  2.705501318697001E-002
  5.607061168917948E-002
  5.929895310583677E-002
  3.524320097098999E-002
  4.226179678404018E-002
  3.723140866802599E-002
 -0.295176391982646     
  0.150412325672916     
  4.780281426568500E-004
  9.483502709386293E-002
  7.135132617319495E-002
  8.503764663888380E-002
  4.330680459362612E-002
  1.094014668745924E-002
  7.250448703185219E-002
  5.610466263601654E-002
  6.551088027321950E-002
  4.489968787566267E-002
  4.988144737319344E-002
  6.201452031027965E-002
  8.599487161073760E-002
 -1.764967263591721E-002
  4.287016176933867E-002
  4.090397377069654E-002
  3.010148431141602E-002
  6.891342668244183E-002
  5.196456947449268E-002
 -0.309259501846388     
  0.146458009172009     
  4.334442076934231E-003
  0.103809870009155     
  8.072257124577298E-002
  3.718987802761153E-002
  6.348607092402525E-002
  2.513861536836615E-002
  6.071275979997282E-002
  8.508437820000325E-002
  5.711023312612296E-002
  3.098308779270864E-002
  7.074218151336020E-002
  4.173182886108107E-002
  8.495215911461862E-002
  4.361256822936976E-003
  7.054869006950626E-002
  1.646349957552529E-002
  2.266896476212965E-002
  5.232245728822638E-002
  3.272042166259259E-002
 -0.260251652056380     
  0.174038625984836     
  8.754668926320708E-003
  9.834849886108454E-002
  6.991814004548669E-002
  5.492814610574237E-002
  7.528610134922387E-002
  2.213810917518533E-002
  6.734461032393257E-002
  7.722498356218921E-002
  5.495517047867771E-002
  1.233054147102086E-002
  8.454794538399624E-002
  4.464940254830363E-002
  5.680738545778086E-002
  3.932557970550876E-002
  5.874625403815892E-002
  6.195149803809641E-002
  3.342295853417365E-002
  6.683163172762074E-003
  3.231579877776680E-002
 -0.286057734738742     
  0.170833933864692     
 -0.184207257060959     
 -0.288261294053642     
  3.764872846645240E-002
  4.479147964112706E-002
  5.504862609930006E-002
 -0.308522386418911     
  2.489734169023461E-002
  3.110354878350685E-002
  2.534711450802907E-002
 -0.224264843615527     
  1.907890104129872E-002
  3.585517521816828E-002
  4.992246230021602E-002
 -0.265277342367511     
  3.293658601757044E-002
  1.666422179990912E-002
 -7.204777828722708E-002
  1.713645363532934E-002
  4.878947169290537E-002
 -0.249588171365202     
  0.159290405519969     
  3.424410943126155E-002
  0.127408365323814     
  6.906683753040466E-002
  5.609352819556379E-002
  6.552895756810284E-002
 -2.014406077898379E-003
  5.981775808013723E-002
  5.545764007604215E-002
  6.342995980133903E-002
  6.526526444968539E-003
  7.078087025316981E-002
  7.595764765901636E-002
  6.094396472229557E-002
  2.455221705674449E-002
  5.469246174076969E-002
  5.738225811839748E-002
  1.829381603097202E-002
  4.703876178196698E-002
  4.775077765460467E-002
 -0.261525490837174     
  0.150880470416205     
 -0.131041380415280     
 -0.314090769099167     
  6.133173537599867E-002
  5.149561846786399E-002
  4.991851843048423E-002
 -0.156783309781822     
  4.384860720594630E-002
  2.218294475709592E-002
  4.782298170593846E-002
 -0.205613138729441     
  3.507526167699737E-002
  4.371422519360080E-002
  4.503621102914412E-002
 -0.449099394914119     
 -2.357791522086705E-003
 -2.249969448627098E-003
 -8.476065903215435E-002
  3.480598445409644E-002
  2.326290936042807E-002
 -0.249839559791745     
  0.168304477491950     
  1.286058735191009E-002
  9.788240504198331E-002
  5.058317738493789E-002
  6.982447361804900E-002
  6.850169790710381E-002
  1.624516986121050E-002
  5.053279792041687E-002
  4.644186466402289E-002
  6.422122727593182E-002
  3.790104435069530E-002
  5.702323573190105E-002
  6.542004997369810E-002
  8.574697301237155E-002
  2.704988500193917E-002
  5.672845791912040E-002
  5.060433860894764E-002
  3.098913018301674E-002
  3.912467712670487E-002
  3.466158973870792E-002
 -0.342683308305725     
  0.168014832802952     
  2.842437932008046E-002
  6.841696887786153E-002
  6.959244162449463E-002
  4.300586305287590E-002
  7.067968755038534E-002
  1.070564854408262E-002
  6.093883846628900E-002
  5.480663721299661E-002
  5.675901241788284E-002
  1.871610363649134E-002
  4.998221552360804E-002
  7.816112287841903E-002
  6.270311536186635E-002
  5.711598475866042E-002
  6.140080310200813E-002
  5.472711744578540E-002
  2.139729199335472E-002
  1.150506994532374E-002
  4.621116960933136E-002
 -0.266069558366258     
  0.158030187993519     
 -0.255076314414119     
 -0.274673904685363     
  4.976145863514503E-002
  3.382635889236929E-002
  5.508971982623889E-002
 -0.121703379120902     
  4.355337939214565E-002
  4.744593365614080E-002
  3.092331627444056E-002
 -6.961895259150275E-002
  4.886742380823650E-002
  5.019382511265391E-002
  2.927979781191481E-002
 -0.473546070971794     
  2.004487064745597E-002
  4.541405447528146E-002
 -0.132531309273611     
  3.416019072258814E-002
  2.216258814789285E-002
 -0.314988278740094     
  0.162573331634844     
  1.487155478100188E-002
  6.945753676954691E-002
  3.460068677759798E-002
  8.947927647215037E-002
  6.338708332385057E-002
  2.045707760525284E-002
  6.629391314949473E-002
  6.068521870744770E-002
  5.430282882700055E-002
  3.304380662869866E-002
  6.272449799837954E-002
  7.605321137016841E-002
  4.749969719064984E-002
  7.824477421647913E-002
  3.804444441487898E-002
  5.161178277716005E-002
  3.890108222111444E-002
  2.888047250451664E-003
  3.629023895925487E-002
 -0.344520141290622     
  0.163700587149292     
  1.600142472587196E-002
  8.758133545494928E-002
  6.351873438855005E-002
  5.228701688043880E-002
  7.966975984764468E-002
  3.609709583410980E-002
  7.303141134164293E-002
  6.852296469909458E-002
  4.581891259988968E-002
  3.435269949408726E-002
  7.591860354433089E-002
  4.174412821149465E-002
  7.996018163814189E-002
  3.645090407588736E-002
  5.429574635205547E-002
  4.477145668954163E-002
  2.677922809346667E-002
  2.693133276300419E-002
  1.697896167097035E-002
 -0.372949916145484     
  0.143438343296494     
  2.846795855235706E-002
  7.526907732001220E-002
  7.170937171074221E-002
  5.596880981516050E-002
  8.692036389661417E-002
  2.417132916427223E-002
  3.789106054749425E-002
  5.772030895310365E-002
  8.326147877607826E-002
  3.594185928909477E-002
  4.366109552306296E-002
  7.059121877560870E-002
  8.435401728934377E-002
  2.730829562431314E-002
  4.585693349423792E-002
  6.659344563531133E-002
  2.671021295857701E-002
  5.836063868417729E-002
  4.205579821230820E-002
 -0.298569758129823     
  0.153456457725954     
 -9.224450509405191E-002
 -0.102181015793568     
  5.810717056290504E-002
  5.005003651027184E-002
  6.401333261916842E-002
 -0.170492115404670     
  2.596002046644841E-002
  4.656903054637840E-002
  4.775972321628197E-002
 -3.607209304651882E-002
  5.684185538313302E-002
  4.795679060037794E-002
  5.291980158390863E-002
 -0.123198524984566     
  1.598060666812229E-002
  5.965978007624151E-002
 -1.307988571059493E-002
  2.735876395687253E-002
  2.332442213205044E-002
 -0.224485682040739     
  0.156662708786498     
  2.478673268676346E-002
  9.187376903363909E-002
  8.866590881264513E-002
  4.218084844787928E-002
  7.590734001739763E-002
  3.667908278764864E-002
  7.061510364759593E-002
  7.467596256788689E-002
  5.671801097741813E-002
 -1.374330861326101E-003
  6.347164212193379E-002
  3.569782714820680E-002
  5.091119497452268E-002
  5.763926273880893E-002
  7.516054864565569E-002
  4.340122084820164E-002
  2.510934016559041E-002
  4.310087187563361E-002
  3.533297232279364E-002
 -0.182000216910764     
  0.150076773489141     
 -1.201037559327300E-002
  8.720743861204827E-002
  3.856317882447025E-002
  6.814273708492991E-002
  6.119929952128400E-002
  3.393778887460730E-002
  7.274889178200572E-002
  5.003436974770803E-002
  7.262230504400424E-002
  2.514212201929933E-003
  5.647798002712112E-002
  3.699619653859265E-002
  6.295722603130427E-002
  5.074342640522334E-002
  6.466301681677966E-002
  7.141947010889194E-002
  3.171481419261735E-002
  1.778085750046998E-002
  4.001610571018366E-002
 -0.270054924321861     
  0.158885289375539     
  3.832714401645809E-002
  9.360013423717017E-002
  7.636131300399873E-002
  6.203706674908405E-002
  6.378645793110671E-002
  1.062179249535777E-002
  4.289338069606818E-002
  6.597864372160045E-002
  5.471550848530793E-002
  7.768920277790414E-003
  6.189632150785385E-002
  6.712205465808530E-002
  5.725416564547714E-002
  4.344451644525105E-002
  5.095793939881232E-002
  6.611235065826226E-002
  2.647576737158674E-002
  3.549576207123017E-002
  3.695608336112299E-002
 -0.264621758165831     
  0.150668661744489     
  1.632861981692368E-002
  0.111022441253143     
  6.949752207944238E-002
  5.292868440707355E-002
  6.828452043235544E-002
  6.850553587440356E-003
  5.880977940084520E-002
  6.858567220098388E-002
  6.287068772516724E-002
  1.513395209795432E-002
  7.879423124411766E-002
  4.801611970416830E-002
  5.428969459714983E-002
  3.376345970652395E-002
  5.406545818071729E-002
  4.286084157872261E-002
  2.904007708175538E-002
  6.060651698275576E-002
  4.540113785834177E-002
 -0.294089143179790     
  0.153043496461778     
 -0.210280464076817     
 -0.332039810214047     
  6.188636104963818E-002
  6.348214071122171E-002
  3.555505219619903E-002
 -8.324601039058610E-002
  4.099991514053813E-002
  3.665514230762235E-002
  3.806465195548092E-002
 -7.667613474409052E-002
  4.242428098062645E-002
  4.395358666866545E-002
  4.080255390359189E-002
 -0.585084278526714     
 -4.449039722051795E-003
 -8.533587546592614E-003
 -0.103520454459949     
  2.596585473676516E-002
  5.196558598855183E-002
 -0.438258141344941     
  0.160984231567884     
  9.393687785020699E-003
  9.113416924131634E-002
  8.821527212819302E-002
  9.078008816777960E-002
  4.167530709392309E-002
  6.096562179706222E-003
  7.753559968778212E-002
  6.359224331403912E-002
  6.132843623622708E-002
  2.444516976736200E-002
  5.958667578740628E-002
  5.620331993925354E-002
  5.390091857870094E-002
  4.210223064586405E-002
  5.655593292743022E-002
  6.327793489847655E-002
  2.439740162510429E-002
  3.017082627332235E-002
  3.505565142118716E-002
 -0.338403222686753     
  0.149989729376641     
  3.307682610932750E-002
  7.622684097690335E-002
  7.835190841265549E-002
  5.299405235805588E-002
  6.479014860868770E-002
  3.127906589904361E-002
  6.525081668132460E-002
  5.978464526908533E-002
  6.339495018275887E-002
  1.189735374697554E-002
  8.875068203003300E-002
  5.511022507948993E-002
  4.017814788689489E-002
  5.289764811812292E-002
  4.553877900309422E-002
  7.017298094934266E-002
  1.455416594402426E-002
  2.384781824945770E-002
  3.024336554129015E-002
 -0.325126693572800     
  0.152684257317918     
  1.631824388580005E-002
  7.293005508019768E-002
  6.511574806845333E-002
  7.615280257259671E-002
  5.691748890210679E-002
  3.750407889437435E-002
  7.389494449168887E-002
  6.720996576689020E-002
  5.209021212477394E-002
  3.502225121784530E-002
  5.567664000585093E-002
  7.310105970260206E-002
  5.717686861030757E-002
  3.494914928591175E-002
  6.365633356559375E-002
  4.699862984457193E-002
  1.530342176569111E-002
  4.644364972919524E-002
  4.197537531027984E-002
 -0.307607481206066     
  0.148698923778033     
 -1.815696766226171E-002
  0.116737548251215     
  7.087052907585989E-002
  5.964493077271971E-002
  6.447883105746022E-002
  3.417931731577095E-002
  6.724703663603315E-002
  6.366835057573195E-002
  6.399127809579697E-002
  4.410135139718419E-002
  6.614699585591866E-002
  6.962273713962241E-002
  6.956128521193417E-002
  4.309461636088052E-002
  6.493968973165598E-002
  6.732934657469192E-002
  3.482067426015423E-003
  2.765366789115753E-002
  5.074728637658144E-002
 -0.107496387598903     
  0.142221109059157     
 -0.292113683924001     
 -0.280088181354425     
  2.367974609105228E-002
  2.675837233988720E-002
  3.139384497336584E-002
 -0.147828404108071     
  3.047873433278381E-002
  5.562113612171771E-002
  6.363901038446873E-002
 -0.176220871397641     
  4.646653134746526E-002
  4.644491538276518E-002
  2.133601127328988E-002
 -0.353665438980232     
  3.868297199736037E-002
  3.820959439365812E-002
 -8.274869641493154E-002
  2.749847143346562E-002
  3.338420797551211E-002
 -0.235503992920893     
  0.156800136079331     
  2.494115411704145E-002
  9.634618264146066E-002
  7.866987089556088E-002
  5.819459550455697E-002
  5.897138554609260E-002
  2.869806336825187E-002
  5.572635548700433E-002
  6.685006676815619E-002
  7.077208561162862E-002
  3.967190626008410E-002
  7.853231760241297E-002
  8.000125089537768E-002
  4.759081811414889E-002
  2.777094462370266E-002
  4.270844333491064E-002
  6.111517309896874E-002
  3.505981151043924E-002
  2.984720147440512E-002
  3.816671692416684E-002
 -0.200394273761560     
  0.156398685819306     
  1.832171473583966E-002
  7.592717652278047E-002
  7.288452575812698E-002
  6.771315600591887E-002
  5.032665261134617E-002
  1.018163441284736E-002
  5.433734697506587E-002
  5.887334665339639E-002
  6.509438962334813E-002
  2.197775158439397E-002
  6.634711733964138E-002
  5.238203754418858E-002
  6.347580199517022E-002
  4.032753792879573E-002
  5.590848961504669E-002
  6.326618162426112E-002
  1.779962124543299E-002
  3.036989829557479E-002
  2.789017413913708E-002
 -0.299271177961440     
  0.158866816879707     
  2.942934112275175E-002
  9.617332481246876E-002
  6.433995523519065E-002
  7.937041493715569E-002
  7.131102984137705E-002
  2.064950979591318E-002
  6.260839846179178E-002
  8.152700716073136E-002
  4.212802773238777E-002
  1.363543476635387E-002
  3.408849337025954E-002
  7.313347656982372E-002
  5.393802563674011E-002
  2.910559768811494E-002
  2.506349991413692E-002
  6.580317324390417E-002
  4.783623380174706E-002
  7.265958124469152E-002
  5.036001533489554E-002
 -0.181269423070069     
  0.141895334573511     
 -8.200085776942156E-002
 -0.168566579293812     
  3.878170495580702E-002
  6.751960169776183E-002
  6.226537030590784E-002
 -0.202649971674015     
  4.049414129835716E-002
  4.731092772421996E-002
  4.528420685741064E-002
 -0.138595173479067     
  5.630358333041263E-002
  4.718409759322606E-002
  3.058547487647534E-002
 -0.195511503519242     
  3.191483781100257E-002
  4.646995823719624E-002
 -2.968358581373565E-002
  2.151612306414674E-002
  4.702984438888747E-002
 -0.336852965357108     
  0.149175687616753     
  3.925620819359787E-002
  0.106316549623887     
  7.109378350357387E-002
  4.029801701864666E-002
  7.538549166819386E-002
  1.437781512658276E-002
  6.161548486435686E-002
  6.723930755248764E-002
  7.575372852386086E-002
  1.629483920784303E-002
  6.623210174214034E-002
  6.121087811708370E-002
  3.851957516905258E-002
  3.514942380792974E-003
  5.927243060490062E-002
  5.253663162602074E-002
  1.875541816880766E-002
  4.439540170039169E-002
  1.646000951776172E-002
 -0.312200306220375     
  0.160743191633086     
  2.520799711667987E-002
  8.851453050898428E-002
  7.088749331393696E-002
  6.894023325071785E-002
  4.648099658786942E-002
  9.782373760138796E-004
  5.801435784437359E-002
  6.058638570146835E-002
  5.070818368785612E-002
  3.497043779679965E-002
  5.206378136401824E-002
  9.193577587417801E-002
  4.712929516918773E-002
  4.940802441061987E-002
  3.042168807811829E-002
  6.367414075028610E-002
  3.917628400400242E-002
  3.237056810856065E-002
  4.931800774255057E-002
 -0.251027254320240     
  0.163594572499483     
  2.853825090093798E-002
  0.100300419830853     
  6.245694182206518E-002
  6.796944747744449E-002
  7.706986474813882E-002
  8.494544315393870E-003
  5.706920302420104E-002
  4.558357115968714E-002
  7.538305581991833E-002
  1.413689789638317E-002
  6.992826299214716E-002
  3.985535427089149E-002
  8.026199240567344E-002
  3.864427210364818E-002
  7.860141768525009E-002
  2.833370993763551E-002
  2.011478907312680E-002
  5.810062799297255E-002
  3.232480117129100E-002
 -0.262114356711614     
  0.144255865463386     
 -0.186627125997922     
 -0.316041169358749     
  2.610040856336648E-002
  4.437509712451881E-002
  6.168932973565588E-002
 -5.674448981453573E-002
  2.954654507554788E-002
  5.182807574032089E-002
  4.787896667592983E-002
 -0.120371390632274     
  4.555878690588633E-002
  4.626710815896862E-002
  5.232313466738292E-002
 -0.564558960911812     
  2.222057486908113E-002
  2.547913447612737E-003
 -0.114875671270140     
  1.926589520251365E-002
  4.350820573926462E-002
 -0.301848069113245     
  0.160817392924995     
  1.476409337897611E-002
  8.938076891352154E-002
  5.546321253063824E-002
  4.474672784384881E-002
  6.465369151287081E-002
  2.431830494581710E-002
  5.918634216488261E-002
  6.800973623690099E-002
  5.085462007041075E-002
  4.696091917928591E-002
  6.525764056151662E-002
  6.330362767213160E-002
  6.735066767321585E-002
  1.815710249419578E-002
  4.033965597031042E-002
  4.734516732361971E-002
  4.334436056086277E-002
  3.199504580921586E-002
  5.487540745898145E-002
 -0.242627450174256     
  0.160240814462292     
  1.348899548799265E-002
  0.111469268059342     
  5.825769795886093E-002
  7.091838284162366E-002
  5.897959062847846E-002
 -1.234855060481266E-004
  7.269918803078390E-002
  3.621885860851515E-002
  6.590130119442628E-002
  3.105756574419694E-002
  8.081959590633958E-002
  6.328023715418873E-002
  7.019198517190472E-002
  3.491595310252871E-002
  7.137882994783828E-002
  4.180731742738142E-002
  3.598955747355204E-002
  4.230862571052629E-002
  2.352486157312539E-002
 -0.237412536503895     
  0.150177159926434     
  5.028270399325230E-002
  8.169786735663109E-002
  4.635212320999593E-002
  8.062974403991463E-002
  7.285224539046842E-002
  4.116876758515486E-002
  9.471103836371009E-002
  5.231418908307017E-002
  3.044408052871139E-002
  8.415008306521532E-003
  5.721942949435388E-002
  4.401384165023492E-002
  5.823274298222147E-002
  3.314717229413633E-002
  4.395495288304208E-002
  3.440638542245811E-002
  4.221154290528473E-002
  4.803481360609974E-002
  5.718780275816071E-003
 -0.263096639898416     
  0.171055189563040     
  1.869810990809739E-002
  9.819836748215494E-002
  6.449453389910198E-002
  6.986277560303400E-002
  5.835363312420339E-002
  2.719313810474011E-002
  6.291016276440464E-002
  5.709919987754630E-002
  4.450765066972595E-002
  1.591196881579027E-002
  5.324770477952157E-002
  8.254347257219141E-002
  4.241364660686853E-002
  5.402088775978431E-002
  4.358828143078042E-002
  5.751373860826581E-002
  3.795056522385964E-002
  2.139653788497253E-002
  4.834252676477235E-002
 -0.257354610123537     
  0.161264559302006     
  1.052748401033909E-002
  8.126000082668394E-002
  5.165724600966015E-002
  5.212868912106650E-002
  6.537980137387722E-002
  3.800334267974748E-002
  4.920084728474750E-002
  8.271969653639355E-002
  6.961347272693807E-002
  2.728880608199535E-002
  7.383853646280714E-002
  4.452047828617467E-002
  7.940604504854798E-002
  3.409972096906566E-002
  6.303990652030211E-002
  4.146257058790792E-002
  1.576541019055977E-002
  2.864153925790114E-002
  3.906064926593300E-002
 -0.327693260556186     
  0.163147199524871     
  3.035725835661474E-002
  9.620275843511372E-002
  7.853491945527791E-002
  6.282605614876458E-002
  7.218811502847677E-002
  4.275543408195270E-002
  7.026044051406699E-002
  6.571586215962133E-002
  7.057730144075425E-002
  1.405475908291542E-004
  3.828017080755408E-002
  6.688653162865243E-002
  5.617620808286261E-002
  3.596474335298172E-002
  7.316620945829921E-002
  3.945464402011767E-002
  1.404282474644081E-002
  3.565065876194640E-002
  4.815764764713215E-002
 -0.284232583283538     
  0.151747630332691     
  2.339161188829442E-002
  8.557578170438340E-002
  7.520393465787689E-002
  4.814428214212307E-002
  7.455809013087755E-002
  2.718625334211167E-002
  6.145563414136335E-002
  6.215066240446698E-002
  6.295671987256313E-002
  5.895615945237243E-003
  6.761066188078979E-002
  5.896064958099356E-002
  8.869844898352142E-002
  2.679047565451098E-002
  4.969533652417657E-002
  5.130245726356175E-002
  1.472801934211665E-002
  2.801318898021588E-002
  5.829863000194568E-002
 -0.285395346418620     
  0.158388506109869     
  7.629291034336738E-004
  0.102584623644971     
  1.576125059189259E-002
  7.167076059001831E-002
  7.426883417636043E-002
  3.006053356265870E-002
  7.530373979749427E-002
  4.896253472627676E-002
  7.169705972301921E-002
  2.027247605999749E-002
  7.463315843698759E-002
  6.752092725537429E-002
  6.934267960101126E-002
  4.801948398123157E-002
  5.204713725471732E-002
  5.988500684053144E-002
  3.719441884267338E-002
  6.105125141244094E-002
  3.404420342545900E-002
 -0.205211742243706     
  0.144102169176656     
  2.651761518326712E-002
  9.647035975925888E-002
  6.489191816486484E-002
  7.735502869652444E-002
  4.602516553017000E-002
  1.665130291042694E-002
  7.780674596283854E-002
  5.919246738195316E-002
  8.155193793151649E-002
  1.473026763019236E-002
  6.302615884709173E-002
  5.548300271394047E-002
  4.149981533629543E-002
  3.832445841807264E-002
  3.580829052207457E-002
  6.971187250696831E-002
  4.020538936947737E-002
  2.468015110966726E-002
  4.597460029674405E-002
 -0.246563382958002     
  0.178307377529711     
  3.114419011848257E-002
  0.108628751541784     
  7.145240430004229E-002
  7.888645227267566E-002
  4.216687902259220E-002
  2.460789012534370E-002
  6.212090664485559E-002
  4.208543024306288E-002
  8.327960633022014E-002
  2.206138787117284E-002
  5.906695958854413E-002
  6.901074819753994E-002
  6.778292114708850E-002
  2.956259574992437E-002
  5.591531284455986E-002
  5.256642947358126E-002
  3.316143395672233E-002
  3.891784231667372E-002
  6.040367904652000E-002
 -0.203263998591179     
  0.158512562117927     
  1.305951780402914E-002
  9.434426679056696E-002
  6.630249691019907E-002
  6.177987544124086E-002
  5.412840338024905E-002
  1.076216044694567E-002
  5.948475378154128E-002
  6.938964879980847E-002
  5.938420882437556E-002
  1.871839688012589E-002
  6.498701142260410E-002
  6.243493588168103E-002
  7.384523358368555E-002
  2.427651204885084E-002
  2.601007269755895E-002
  5.520034585122580E-002
  2.213852172698338E-002
  3.666993643658900E-002
  4.897345958476862E-002
 -0.331912405219535     
  0.155033787770702     
  1.070901124072154E-003
  7.211594986541581E-002
  5.993766811259760E-002
  6.875076389613632E-002
  5.880685797585161E-002
  2.393146705556770E-002
  6.791862439150709E-002
  6.501602976097220E-002
  6.143572441262746E-002
  1.914634820299632E-002
  4.124753103089707E-002
  8.335450801610755E-002
  7.431638004194929E-002
  3.677284921131729E-002
  4.235947962059505E-002
  5.359162511167059E-002
  2.071788681707210E-002
  4.681005246710834E-002
  5.153110225240631E-002
 -0.327951173040415     
  0.160123355130884     
  2.708890393733165E-002
  0.111339531789826     
  5.306805645835999E-002
  7.336945378584636E-002
  6.904277981386331E-002
  1.481409048477067E-002
  6.574004209493534E-002
  6.112758816470543E-002
  4.693711616514162E-002
  1.879086427098109E-003
  5.615181367460553E-002
  6.671606149477349E-002
  6.601990775322664E-002
  6.179122827997308E-002
  6.260489336129382E-002
  6.404830542735951E-002
  1.782380242963644E-002
  4.334207238414933E-002
  9.141716711004388E-003
 -0.252574425474522     
  0.151556128257388     
