 -0.132319396611559     
  0.147042617856527     
 -0.508521964843087     
 -0.547341916839409     
  1.647621956928291E-002
  2.063235655027318E-002
  4.403640923591423E-002
 -0.161874170225714     
  0.181139251651770     
 -0.481394208212639     
 -0.416110076212035     
  3.763330018674937E-002
  3.153014010478894E-002
  3.902335524613987E-002
 -0.169273891330225     
  0.153075203398601     
 -0.494175330381887     
 -0.535359767919847     
 -1.268814120711781E-003
  1.953288955749843E-002
  3.009660208973730E-002
 -0.168522392318120     
  0.165660436742554     
 -0.520340620176417     
 -0.537038675329513     
  2.873253501542794E-002
  3.507569391586784E-002
  1.943782800220317E-002
 -0.155091532731809     
  0.164398753897121     
 -0.412697128299738     
 -0.462881755995431     
  4.192458106997388E-002
  3.821662534093662E-002
  2.245067123846201E-002
 -0.182825858611163     
  0.147869512235129     
 -0.523708894134204     
 -0.505268882987843     
  2.874027615580876E-002
  2.287657430098478E-002
  3.463088819437099E-002
 -0.138520175662844     
  0.139208241281473     
 -0.582042330031681     
 -0.515536095861608     
  2.717091906267155E-002
  3.253036386189534E-002
  4.131226270293153E-002
 -0.149511383488041     
  0.171075473070371     
 -0.534652769159021     
 -0.522966402764866     
  1.865875699321884E-002
  3.406272254392551E-002
  2.591202108509350E-002
 -0.157205196967663     
  0.145749595906900     
 -0.536062475236556     
 -0.537771317173585     
  3.959955750487099E-002
  2.326202734555871E-002
  3.572606978951820E-002
 -0.119282055348402     
  0.146186172104746     
 -0.552090007580145     
 -0.449139418222847     
  4.225182829124752E-002
  2.218768484411682E-002
  5.383572796377301E-002
 -0.141514351327638     
  0.156226904763953     
 -0.546051539159578     
 -0.421118269580679     
  2.930148929297272E-002
  3.207227048041761E-002
  4.627895282863836E-002
 -0.132777671880442     
  0.169863359737636     
 -0.442400935516017     
 -0.478764922521163     
  3.614124174073885E-002
  4.484295801014571E-002
  3.776527624839565E-002
 -0.141191715686262     
  0.155684893734945     
 -0.543932764727538     
 -0.550770997452505     
  3.085322771966958E-002
  3.708468144524524E-002
  3.877719556548109E-002
 -0.121961448295855     
  0.199501621773985     
 -0.358486624301115     
 -0.449539959238954     
  3.393539117494959E-002
  3.105446004920032E-002
  2.544500480050726E-002
 -0.154766761454885     
  0.163752883178799     
 -0.511016303797714     
 -0.542206751126068     
  3.469432183394427E-002
  2.869573051820229E-002
  2.031734626015547E-002
 -0.147231005840329     
  0.153444964342146     
 -0.411483373488051     
 -0.536049799930472     
  3.173887138937703E-002
  3.296752829530092E-002
  5.517505768706210E-002
 -0.142270824780455     
  0.180207303787713     
 -0.479999673180525     
 -0.428634463844693     
  2.130296509334606E-002
  1.778025540989159E-002
  3.959346436882860E-002
 -0.164230365971648     
  0.144079031794073     
 -0.491967331263330     
 -0.561486066404348     
  2.826287256965465E-002
  2.408116005839256E-002
  3.892573270138999E-002
 -0.136963908044371     
  0.164278070425701     
 -0.517803419041994     
 -0.573559788655439     
  4.294514968161489E-002
  2.605073873987096E-002
  2.438064422530428E-002
 -0.171032677615088     
  0.164508751278470     
 -0.575653915259645     
 -0.469240835549077     
  3.457918615446698E-002
  2.943126901087489E-002
  9.468786250717343E-003
 -0.154433262078905     
  0.161284241800738     
 -0.480401497253207     
 -0.550057505761754     
  2.364208070518969E-002
  1.792869255585272E-002
  2.763129545824838E-002
 -0.133713075276286     
  0.161430893704626     
 -0.442603001884776     
 -0.516757369753607     
  3.595018627292390E-002
  2.026174027408090E-002
  3.533316881538351E-002
 -0.161848956549106     
  0.167912340305118     
 -0.539037135283680     
 -0.499694302180250     
  2.150895313143464E-002
  4.290501735363816E-002
  2.287997685276777E-002
 -0.136596030467035     
  0.161993152711035     
 -0.526879420720039     
 -0.433876677138294     
  3.192313419924198E-002
  3.498800718157113E-002
  2.772684390305147E-002
 -0.125047015521858     
  0.152791820024860     
 -0.522419900793635     
 -0.584496225228669     
  4.821749214717586E-002
  2.369263178382774E-002
  2.402404782831091E-002
 -0.158654904209052     
  0.165079212936551     
 -0.449547710592002     
 -0.498295661011126     
  2.088865243556559E-002
  3.476835064666195E-002
  3.759151042550013E-002
 -0.160321970269965     
  0.174033260865462     
 -0.463233021363232     
 -0.420170848217237     
  4.285852739837659E-002
  3.200229373393604E-002
  1.781369280799794E-002
 -0.146191342890861     
  0.178192028086933     
 -0.445483031783369     
 -0.536874592931037     
  3.667708929648217E-002
  3.553810239755739E-002
  3.783981506601208E-002
 -0.123962632420469     
  0.170727338150436     
 -0.517082612977411     
 -0.478638960705291     
  2.709185851629103E-002
  4.275941079580625E-002
  3.676546993954255E-002
 -0.156947657288256     
  0.134022267698752     
 -0.467192099575189     
 -0.542950539985383     
  1.463344737002503E-002
  3.839346443508329E-002
  2.298213357979417E-002
 -0.163322917238601     
  0.142336212178522     
 -0.528999357771248     
 -0.498134103770402     
  1.653598400535938E-002
  2.896933225742682E-002
  3.169813454097525E-002
 -0.154646435251983     
  0.159309547117824     
 -0.466375844716686     
 -0.605347856259536     
  3.172421839691297E-002
  2.579615274842684E-002
  4.180976547558712E-002
 -0.142984083816943     
  0.174599423341863     
 -0.523338810127981     
 -0.470600889929081     
  2.019399854532622E-002
  2.884966995370664E-002
  2.595186758977164E-002
 -0.151086283796561     
  0.190913996265034     
 -0.476411906725060     
 -0.387335317661872     
  3.265983839703446E-002
  2.516930504968184E-002
  2.634426998288619E-002
 -0.141705093858420     
  0.158270753178152     
 -0.502182064469988     
 -0.573390904974207     
  3.001944436841153E-002
  3.091914627696823E-002
  3.479208936413758E-002
 -0.163116386212850     
  0.196394672639216     
 -0.508521056156122     
 -0.411624970646379     
  2.240924039341596E-002
  2.704525223915177E-002
  9.821145091818750E-003
 -0.140630796619766     
  0.220831705268034     
 -0.331129251942837     
 -0.367874894615546     
  2.108259212067543E-002
  5.067913526875567E-002
  3.556802115250668E-002
 -0.157721147417696     
  0.141057013467369     
 -0.541871702513075     
 -0.513635127980699     
  2.363263659590975E-002
  4.009798246418317E-002
  2.076632543651324E-002
 -0.132625605349158     
  0.192291230755100     
 -0.347538877927654     
 -0.411428193690816     
  3.222331786766841E-002
  3.250175463474603E-002
  3.134881625189534E-002
 -0.140663816926740     
  0.147900080726259     
 -0.494588904493119     
 -0.558672876494470     
  4.886552965983193E-002
  1.520198384659432E-002
  2.566603402662437E-002
 -0.163414975080652     
  0.179098978547280     
 -0.523132494120168     
 -0.440027423670545     
  2.198836521242886E-002
  2.913943000098662E-002
  2.675055783205804E-002
 -0.156922987465436     
  0.153705265335085     
 -0.466254506171408     
 -0.574550174443586     
  2.078060271670001E-002
  4.087323901367101E-002
  1.259176057690736E-002
 -0.177717329571320     
  0.171800810624862     
 -0.506348041035934     
 -0.537803852110512     
  3.524970509400538E-002
  1.956430939869536E-002
  2.162425050995465E-002
 -0.136602627472922     
  0.136096404068865     
 -0.535090954814308     
 -0.541048468852184     
  3.705603974816785E-002
  3.485731873672704E-002
  2.701755262438010E-002
 -0.140457323579485     
  0.167315816569151     
 -0.437680668792169     
 -0.537059795023572     
  4.692760048332989E-002
  3.177325357010208E-002
  3.473301862567069E-002
 -0.141958015115154     
  0.168980462831851     
 -0.464373722464120     
 -0.527581482140279     
  2.361338730328344E-002
  4.882418350119910E-002
  2.379627232155923E-002
 -0.118228586969107     
  0.156457750504514     
 -0.511386192419810     
 -0.433498529827188     
  4.880683598948687E-002
  6.442347559531558E-002
  2.692663584863464E-002
 -0.150376087544188     
  0.171377993173353     
 -0.521688973626393     
 -0.435022921226335     
  3.688113254778447E-002
  3.984594149795151E-002
  2.805980851108048E-002
 -0.162322085017552     
  0.154596828600579     
 -0.535967958932385     
 -0.534121292738414     
  3.303935901444621E-002
  2.296407182652749E-002
  3.065631225574916E-002
 -0.145545055034166     
  0.130628333616444     
 -0.527410229208344     
 -0.516415706876948     
  2.730009657200616E-002
  2.922825994916456E-002
  1.488434451576126E-002
 -0.154509203909101     
  0.190841875494901     
 -0.424887198448116     
 -0.484733640854886     
  3.075560001044197E-002
  1.959744565918242E-002
  2.463991889383510E-002
 -0.156150996390156     
  0.160772343324526     
 -0.484219357519453     
 -0.543796508820740     
  1.363111254891403E-002
  3.165787426657019E-002
  2.830857383384933E-002
 -0.140462778942758     
  0.189385434119486     
 -0.400053638792658     
 -0.503849936302891     
  3.959731927036281E-002
  3.800231051488834E-002
  3.681703003980052E-002
 -0.152863035950062     
  0.169071451949199     
 -0.592214404697669     
 -0.497573695883331     
  2.545950235475136E-002
  4.294702184887644E-002
  3.744019486170946E-002
 -0.167196296684807     
  0.156119139868968     
 -0.502291691210238     
 -0.526715475285113     
  2.362613246520162E-002
  1.443634090441570E-002
  2.819758983125709E-002
 -0.166003473334436     
  0.168269102157813     
 -0.466742243362731     
 -0.459070995969087     
  3.636130883053867E-002
  1.352780533059195E-002
  3.373301331669609E-002
 -0.118716115912720     
  0.151844439238575     
 -0.529660007020366     
 -0.533230407892907     
  1.208773483346415E-002
  2.549226513958658E-002
  1.798670486374554E-002
 -0.142894813204450     
  0.167111266878627     
 -0.452196742724382     
 -0.479394437786404     
  1.927053837357029E-002
  4.312234657229497E-002
  2.440018898251783E-002
 -0.190698745195538     
  0.150825733482809     
 -0.498695829351193     
 -0.512673354426224     
  2.430146773849040E-002
  3.216771873626978E-002
  1.189161434357999E-002
 -0.184947966820294     
  0.173479527067929     
 -0.522160976741978     
 -0.494201145797202     
  3.351892022645053E-002
  2.324131775537985E-002
  1.662049803901022E-002
 -0.153045027148484     
  0.192164607516047     
 -0.540288734134937     
 -0.431078531391367     
  1.683392778877069E-002
  4.737982579812350E-002
  3.314526155870579E-002
 -0.147775454863902     
  0.141880878627049     
 -0.524815273824079     
 -0.532446495555162     
  2.398364637333006E-002
  2.495097131893076E-002
  3.463922290676280E-002
 -0.160094678034371     
  0.125825046374108     
 -0.531770996104831     
 -0.509553546951264     
  3.471094624007998E-002
  2.209886345524981E-002
  3.293457006812595E-002
 -0.159598376005906     
  0.182791796807745     
 -0.487791884622834     
 -0.433949081870802     
  2.086817334897528E-002
  3.256612650363422E-002
  3.255064921266226E-002
 -0.107574700990011     
  0.205281164220364     
 -0.318731757219600     
 -0.458623920805551     
  3.787562016857315E-002
  2.570466896256207E-002
  5.183421992174220E-002
 -0.110786513794761     
  0.220382274626847     
 -0.337149213632014     
 -0.375353997482360     
  2.949379681133923E-002
  5.384826739230630E-002
  3.217154433983738E-002
 -0.137007635115069     
  0.189340084185821     
 -0.528144752459118     
 -0.375432383761114     
  3.769229776857652E-002
  4.220770096765236E-002
  2.536277765861739E-002
 -0.139819192481927     
  0.166444762802036     
 -0.523518764720478     
 -0.551143451395043     
  1.263095906952805E-002
  3.195320148253356E-002
  3.096020316710013E-002
 -0.167817818480319     
  0.167030982652741     
 -0.583693644337276     
 -0.455687142999430     
  1.796949981004603E-002
  2.563198044604931E-002
  3.355909994337014E-002
 -0.141285113946807     
  0.159690448632206     
 -0.566066592580062     
 -0.515016588761645     
  3.207422040519547E-002
  2.415244485871104E-002
  3.754067265029271E-002
 -0.148734611253214     
  0.153430905299106     
 -0.565756411131562     
 -0.495276872055245     
  4.175998564652894E-002
  1.786311971258403E-002
  1.853729991251896E-002
 -0.166051444824160     
  0.159854124206729     
 -0.518443868815952     
 -0.528092282876051     
  2.424091892764757E-002
  3.300203147570346E-002
  3.255387056876158E-002
 -0.135789010195998     
  0.180108967260137     
 -0.515595737818695     
 -0.372784360151653     
  2.762954949446039E-002
  3.569449215341147E-002
  2.308174325862622E-002
 -0.149260890599368     
  0.176791744366201     
 -0.550187792225523     
 -0.525605172623960     
  2.032571794009663E-002
  4.158488255309678E-002
  3.035293562131969E-002
 -0.150340879333311     
  0.159643725570419     
 -0.455242094988410     
 -0.514447145607390     
  2.952907315217246E-002
  2.199290657599118E-002
  3.392550302282948E-002
 -0.117902413169851     
  0.159947040745409     
 -0.567602162737275     
 -0.417302212553811     
  2.692572880751143E-002
  3.504131216277506E-002
  2.759139826039936E-002
 -0.131543491410143     
  0.165648959314547     
 -0.543282542560006     
 -0.432266687809345     
  2.329652777615632E-002
  3.528135358453943E-002
  3.925737338982926E-002
 -0.116673610609286     
  0.183653649494675     
 -0.523144039384380     
 -0.417983387839040     
  5.216358700176249E-002
  2.807939931450287E-002
  4.267351082932913E-002
 -0.138516321066343     
  0.189814407010072     
 -0.405243589758535     
 -0.500789684688267     
  3.024437682273184E-002
  4.365959672463349E-002
  4.489912824382325E-002
 -0.146088764975200     
  0.193321239778005     
 -0.398001794154949     
 -0.503433942336375     
  3.227517573635652E-002
  3.370029776396455E-002
  2.631002001256777E-002
  3.160377733600317E-002
  0.100691476291345     
  5.901072549320840E-002
  7.480590242879581E-002
  7.684981217643827E-002
  1.681690150434756E-002
  6.436631309692176E-002
  4.923704393995365E-002
  7.612492265390869E-002
  1.885929751226101E-002
  5.454448400982159E-002
  7.287657311764772E-002
  5.695524549613185E-002
  3.817954397558498E-003
  5.969703893866918E-002
  5.879017616380289E-002
  2.146246348795167E-002
  2.177436777791220E-002
  2.936098351917116E-002
 -0.330252906696535     
  0.151466122185082     
  4.494152247643868E-002
  7.869692655628135E-002
  3.863833064895905E-002
  6.917726085318110E-002
  8.852895361851332E-002
 -6.008471619129985E-003
  5.582341951905156E-002
  7.031488401169894E-002
  7.170188793626475E-002
  1.599914327909602E-002
  6.121244637306467E-002
  5.837657079547098E-002
  5.558919623781466E-002
  2.188227514269903E-002
  6.037575347619650E-002
  6.056741977355984E-002
  4.189475084208638E-004
  3.722187904278917E-002
  4.397577315062584E-002
 -0.326831783977021     
  0.165999932278721     
  9.365978930695906E-003
  8.991533394305051E-002
  3.980727436581599E-002
  7.465347051922333E-002
  4.100903324298655E-002
  3.438515304350354E-002
  7.003996003790980E-002
  5.755554612882452E-002
  6.488160970535961E-002
  2.006725278516353E-002
  6.875511133096301E-002
  5.421891258326061E-002
  9.020394724720326E-002
  3.677354078935746E-002
  4.294249371837966E-002
  8.785850804523598E-002
  2.060779295017490E-002
  6.426151228557053E-003
  3.545589493506451E-002
 -0.253619327988627     
  0.169352478602291     
  2.895493940513427E-002
  0.104635305547555     
  3.799048840916230E-002
  6.401785218268552E-002
  7.535940391380436E-002
  2.134446419922886E-002
  5.434644021172197E-002
  8.106972624343511E-002
  8.412025247032529E-002
  2.467657128514933E-003
  6.146096714562621E-002
  4.494295449657548E-002
  7.346472293706907E-002
  3.499119419513619E-002
  5.364903026886769E-002
  5.859873898680668E-002
  1.902530407169767E-002
  5.583476158828371E-002
  4.440529732837550E-002
 -0.195246739861948     
  0.153665295283178     
 -2.281180848250131E-003
  7.830964415908337E-002
  6.712511261266174E-002
  6.739488394114979E-002
  4.194782571054168E-002
  1.604144416626951E-002
  5.487895939156284E-002
  6.314297709561800E-002
  5.850922675298198E-002
  5.176096377094686E-002
  7.495311774803604E-002
  6.059042021202443E-002
  7.330310420817798E-002
  5.327801106024710E-002
  7.168853244314943E-002
  6.693053864074083E-002
 -3.600935052272547E-004
  7.040535274907556E-003
  4.314305431136900E-002
 -0.355619735920770     
  0.148558164526019     
  2.755580440115279E-002
  9.080640445357613E-002
  5.693868443169980E-002
  5.730132802746357E-002
  6.790944066249671E-002
  3.367356072815619E-002
  7.261699147948930E-002
  7.571084423064234E-002
  6.099195017540282E-002
  1.842554261957430E-002
  6.742228638215364E-002
  5.323792888272938E-002
  5.631554244753345E-002
  3.794979839273349E-002
  4.364350495604385E-002
  5.340627753155469E-002
  2.456036077924528E-002
  5.150597001420087E-002
  3.073288341754887E-002
 -0.279579473088544     
  0.147470989216719     
 -2.104989716825933E-003
  8.754439945895154E-002
  6.508632310008911E-002
  7.124287182069911E-002
  7.160265572396773E-002
 -9.131673850599320E-003
  5.516267145504561E-002
  8.329882209554029E-002
  5.436220445709505E-002
  4.138382296083210E-002
  6.570055255384100E-002
  5.597068213525369E-002
  6.252473875951237E-002
  5.437592859730822E-002
  5.172858170519934E-002
  4.592706671875413E-002
  3.587307763236902E-002
  4.068588463435352E-002
  3.267296646626938E-002
 -0.283402644347968     
  0.144684181301575     
  1.540027686630641E-002
  0.111324966303386     
  7.305133006197984E-002
  6.169469555492280E-002
  5.657552041795466E-002
  1.943937753187219E-002
  5.543259802112022E-002
  7.238156611524682E-002
  5.816019991621380E-002
  3.240730059083452E-002
  4.635917819948565E-002
  7.897568535566690E-002
  6.641313019753603E-002
  3.762095688152156E-002
  5.457792164838882E-002
  3.691913168882099E-002
  1.608114014859519E-002
  3.268805233085137E-002
  3.067625733448953E-002
 -0.299163370013128     
  0.157325982258691     
  1.908449668273926E-002
  7.399824749761841E-002
  5.611057559450516E-002
  4.075188616452874E-002
  6.930684646074869E-002
  2.823629730804189E-002
  6.647347913854296E-002
  5.648226919630128E-002
  6.730696170486195E-002
  2.979611721877662E-002
  5.671921275804159E-002
  8.677781596803547E-002
  3.728584235272614E-002
  2.839606833665753E-002
  5.290227155852589E-002
  7.823343599968280E-002
  1.352583058185752E-002
  2.445743937896749E-002
  1.048634106024726E-002
 -0.325614688218347     
  0.161605343720971     
  2.675140589960945E-002
  0.104202430541319     
  7.030417808748912E-002
  7.308599101154267E-002
  5.217238164451610E-002
  1.247575474833917E-002
  8.060765984594531E-002
  4.936030833662919E-002
  4.485015778344181E-002
 -1.942841625951264E-002
  7.730124884341305E-002
  5.061490343483255E-002
  6.061482169356958E-002
  6.149696130020388E-002
  5.625043781994221E-002
  6.235500694477758E-002
  2.661810979655499E-002
  5.292311957044704E-002
  2.848851319015122E-002
 -0.313515156062651     
  0.150667020086707     
  6.435661518985114E-003
  9.361735263055948E-002
  6.717870314953134E-002
  6.531035984225886E-002
  6.807052235986122E-002
  1.827919104564923E-002
  7.844389886506342E-002
  5.234144737774948E-002
  6.380902591144655E-002
  1.834950914371580E-002
  5.418472455410894E-002
  6.953478753127107E-002
  6.691566180443265E-002
  4.115616996839533E-002
  5.095796999256752E-002
  5.493753202373652E-002
  5.302677008316437E-003
  5.743964151939129E-002
  4.949642331469017E-002
 -0.297995271794518     
  0.149239573451579     
 -6.728521151080358E-003
  7.437309344429366E-002
  5.506302925489781E-002
  6.734385546864596E-002
  7.984237238953318E-002
  2.096287789646967E-002
  4.251215287919641E-002
  6.149294731124255E-002
  6.310371803127957E-002
  3.697253144772228E-002
  7.449981227240232E-002
  8.232796760600847E-002
  5.815538978199308E-002
  4.139574105073329E-002
  5.167498877133947E-002
  5.386057581139769E-002
  2.240978605880528E-002
  3.557255836571949E-002
  3.484618853806187E-002
 -0.325286794946341     
  0.156188507827366     
  3.271683582651175E-003
  8.247770296672563E-002
  6.404756188208105E-002
  7.502749535648734E-002
  5.954700455102524E-002
  1.588997294124006E-002
  6.797068285288033E-002
  4.952310342588162E-002
  6.220141412635338E-002
  5.907146139334518E-002
  8.816446813839851E-002
  6.529963766276725E-002
  6.088239581312083E-002
  9.189293625200268E-003
  5.182467311140238E-002
  4.702174004085535E-002
  1.669518190820352E-002
  3.808465208613210E-002
  2.770974149668703E-002
 -0.264854154652928     
  0.158575851358957     
  4.804539064249225E-002
  9.610544620986339E-002
  6.828328088517688E-002
  8.094637969939533E-002
  6.923661142176352E-002
  1.660900630429030E-002
  5.092034685933688E-002
  7.188823684700207E-002
  7.505907087599051E-002
  3.094197939187238E-002
  7.930865731995962E-002
  5.718709189656934E-002
  4.900644487388672E-002
 -1.446492378113895E-003
  1.966221316576888E-002
  4.027285293881355E-002
  4.383383102855287E-002
  4.686301627486567E-002
  5.500077304122086E-002
 -0.188098428642928     
  0.166117240156691     
  2.587699425642098E-002
  7.347909326232926E-002
  6.928727266612877E-002
  5.187133257453169E-002
  6.278747971314158E-002
  2.681800885076058E-002
  6.978181988119014E-002
  5.612441320990857E-002
  6.599328621083633E-002
  1.469061968601126E-002
  4.809896877018383E-002
  5.564861458523063E-002
  6.763680110924664E-002
  1.512351904300502E-002
  2.312886013111137E-002
  6.702196011545525E-002
  3.652097243053998E-002
  2.912695226347484E-002
  4.516624598106234E-002
 -0.317237419605944     
  0.150139390586402     
  9.794070259096621E-003
  9.910281697957046E-002
  7.603843748457728E-002
  5.693238205193096E-002
  6.342533791402793E-002
  3.448421006935209E-002
  7.036466789345586E-002
  6.461338000038985E-002
  6.905830596370499E-002
  1.854148798939281E-002
  6.821272909955522E-002
  6.940500858858067E-002
  5.202120013454004E-002
  5.135533449093099E-002
  5.622232986197861E-002
  7.178160169978243E-002
  2.979543362031745E-002
  2.612140779890271E-002
  1.627422269697709E-002
 -0.192241811278627     
  0.164397082808088     
  1.661185343059035E-002
  0.110304021755848     
  5.759733064484851E-002
  6.147146404487902E-002
  6.356203668628146E-002
  1.469002177584056E-002
  5.451311228253375E-002
  6.248089431552650E-002
  6.554317111540353E-002
  1.294713832049377E-002
  5.887107840496697E-002
  4.543890536213546E-002
  7.358257939530732E-002
  6.015164084746782E-002
  6.408599767145029E-002
  6.467710202445276E-002
  2.327360501249220E-002
  3.916346486353206E-002
  4.233182280844228E-002
 -0.313597597197553     
  0.160201813742819     
  2.106115148480114E-002
  0.110120116927857     
  6.313886110459921E-002
  5.517511014603027E-002
  8.296968015148420E-002
  1.986519446362900E-002
  5.670086007689346E-002
  6.549739364158080E-002
  7.891419013000034E-002
  1.608313994743416E-002
  6.567368424581388E-002
  5.173836421055555E-002
  5.273539791274573E-002
  5.889058976946870E-002
  6.483614812477267E-002
  5.944529250327080E-002
  3.811021945818194E-002
  4.721911005843682E-002
  1.459412118249837E-002
 -0.185128811989083     
  0.157151212123165     
  4.050566322811999E-002
  0.111238688015042     
  7.100498265990463E-002
  6.539165139187342E-002
  5.032776731665567E-002
  6.960958902983094E-003
  6.727648846591228E-002
  5.434783711498192E-002
  5.513306213883351E-002
  7.671000022922758E-003
  7.957362059416317E-002
  3.813475841931346E-002
  6.171250497281522E-002
  1.200275167364628E-002
  6.078314790351114E-002
  3.248481500625799E-002
  4.218140439102624E-002
  4.747601489691311E-002
  9.867369421150851E-003
 -0.324098385157333     
  0.166595258773839     
  1.081497713461887E-002
  7.979570864761509E-002
  4.699448687801089E-002
  8.579375146427337E-002
  5.398602640823624E-002
  1.232579600751649E-002
  4.509784235320680E-002
  8.323344023246648E-002
  4.654164567635621E-002
  3.994319924168943E-002
  5.439935511192817E-002
  7.359659445309785E-002
  7.145186747683041E-002
  3.611509467319385E-002
  6.428521612829075E-002
  8.127256841545305E-002
 -5.506505301577924E-003
  2.574906487609385E-002
  2.773272468932253E-002
 -0.275817835762631     
  0.158113508523849     
  2.656799152512512E-002
  0.101498986276813     
  5.527418996099520E-002
  6.931059107279525E-002
  6.370951557569193E-002
  7.259822869831734E-003
  4.220772384265359E-002
  5.468524077212744E-002
  8.177639289061867E-002
 -4.400631778080921E-004
  6.784184745135269E-002
  5.916025630038990E-002
  6.903606511565652E-002
  4.492367419584653E-002
  5.952929881794056E-002
  4.585319858300374E-002
  2.498987114730911E-002
  3.931160349388674E-002
  4.822465007573662E-002
 -0.374809503918756     
  0.150032707751306     
  1.135593758800058E-002
  0.105073404310277     
  6.152043848360444E-002
  7.031502180008053E-002
  6.301915216680531E-002
  2.218340241974026E-002
  5.976288909821870E-002
  6.459790679837074E-002
  6.680406900900004E-002
  1.310851133592150E-002
  7.399017573522515E-002
  5.650400239511488E-002
  7.137244162353540E-002
  2.752023039302864E-002
  4.319219776667615E-002
  6.205280379952727E-002
 -8.586878054738456E-003
  4.831059188626297E-002
  5.502287075919343E-002
 -0.313476702102076     
  0.157599189706193     
  1.069694854179692E-002
  9.842167542163871E-002
  6.936613055160601E-002
  4.639137027147533E-002
  7.132505198472772E-002
  3.710198443966428E-002
  6.260418877913931E-002
  8.164901406434155E-002
  5.611868466644554E-002
  6.363724716584862E-003
  7.141723284643964E-002
  7.621032324637045E-002
  5.029091328734914E-002
  5.657062596251405E-002
  2.984111634313436E-002
  5.697530300155385E-002
  3.588948419070448E-002
  3.410783036806486E-002
  5.064368814873554E-002
 -0.185861320919673     
  0.162649057107656     
  4.156878069286440E-002
  6.552234387392986E-002
  6.716247689343180E-002
  5.682054416581339E-002
  8.047198058572780E-002
  1.839035414832013E-002
  4.194185274394724E-002
  7.910774257739261E-002
  5.427520044259126E-002
  1.009313988351446E-002
  4.898699938589735E-002
  8.355553462266141E-002
  7.170714620489860E-002
  6.349031224278923E-002
  7.527214478010236E-002
  5.389690990039597E-002
  2.431615596817061E-002
  5.025041839259980E-002
  4.784357106002479E-002
 -0.193996704983064     
  0.149930814021228     
  2.179728990421115E-002
  9.130663360966640E-002
  5.360485506218604E-002
  8.642040931180539E-002
  3.513447285302096E-002
  2.417109261220363E-002
  5.276671763507146E-002
  7.452625412631331E-002
  6.533310354148658E-002
  2.456132288037027E-002
  7.013565223111962E-002
  5.691745579819607E-002
  6.982366140633378E-002
  3.389169173481799E-002
  6.322629740210750E-002
  5.435481174169876E-002
  2.455491040786484E-002
  4.286596885327276E-002
  1.549569693679065E-002
 -0.312145490214871     
  0.161041767120618     
  3.993823949668851E-002
  0.105797849017870     
  5.402788697231542E-002
  7.258410269587234E-002
  7.667055831502201E-002
  8.346612629227756E-003
  5.476705692373329E-002
  7.444484423537656E-002
  5.968300890566602E-002
  1.306581593797418E-002
  6.079963634209673E-002
  6.364951320170775E-002
  6.563179141527209E-002
  3.858800326604728E-002
  4.552871108897316E-002
  7.048211212951305E-002
  3.719227154835325E-002
  3.827237280549078E-002
  7.197830258405402E-002
 -0.223728955464034     
  0.145404582741525     
  2.266728484171310E-002
  7.788961329603783E-002
  7.134232000469243E-002
  7.965128893514017E-002
  4.767267765583294E-002
  2.371234514702358E-002
  6.212751216440449E-002
  4.556928491160572E-002
  7.587384821151122E-002
  2.097681383747663E-002
  5.693951908194472E-002
  6.360427416711323E-002
  5.580541716515386E-002
  7.583849256321251E-002
  6.974911843598763E-002
  7.045080625861266E-002
  4.056639549467533E-002
  2.774390445449637E-002
  2.933653900786626E-002
 -0.184049936183877     
  0.153570203207463     
  2.792234827436069E-002
  0.100110420948268     
  4.850307643670937E-002
  7.567304943204967E-002
  6.692480520327415E-002
  2.263375475787788E-002
  5.234914334741148E-002
  8.121829660095892E-002
  4.892833224374682E-002
  1.853153896921977E-002
  6.694098438705076E-002
  5.766276385156399E-002
  5.394283499249286E-002
  4.496633369419589E-002
  5.461962596800218E-002
  4.469273187509926E-002
  4.953828557522844E-002
  1.394771335172473E-002
  4.642422251403955E-002
 -0.242475693478255     
  0.150108575815137     
  1.672378971172384E-002
  8.397641140505741E-002
  5.134887247924169E-002
  6.444492881072306E-002
  8.284634537381552E-002
  1.939683261108227E-002
  6.784813968009695E-002
  8.061230857915658E-002
  6.178349725307997E-002
  1.307525787167174E-002
  7.169907331682102E-002
  5.710924451672050E-002
  5.569838765631896E-002
  7.378863488751231E-002
  8.780157401176669E-002
  4.169071643574396E-002
  1.319740559209315E-002
  4.544042055257347E-002
  3.985630079205071E-002
 -0.206573622543980     
  0.142867731249055     
  3.599755316845066E-002
  8.132451039306776E-002
  6.483903035839711E-002
  6.113589974371614E-002
  6.653152043297728E-002
  1.580445321180957E-002
  6.557365932022863E-002
  4.847670468067511E-002
  7.502758683938138E-002
  3.135820409199752E-002
  6.540624871775469E-002
  6.173723145175314E-002
  6.551461769485800E-002
  5.050555795582490E-002
  4.831772707543214E-002
  6.089484747938845E-002
  1.165952033440387E-002
  5.575248733833038E-002
  3.452455354820816E-002
 -0.317833633499528     
  0.149495225268374     
  1.984325312428803E-002
  9.884536566104263E-002
  6.689146795886358E-002
  5.566951267533782E-002
  7.682951806442950E-002
 -1.296524474968308E-002
  6.715423446801982E-002
  7.821066481995465E-002
  6.355964931130331E-002
  3.509660529154734E-002
  8.570239696991211E-002
  6.890495687296616E-002
  3.934360862346353E-002
  2.714255559661627E-002
  5.579552575172908E-002
  4.830664809096175E-002
  3.112102149546692E-002
  2.988767840092299E-002
  2.987883163491323E-002
 -0.233162410448895     
  0.162234154636606     
  4.879847632665557E-002
  0.105767629182656     
  7.125641484742240E-002
  6.125908363018551E-002
  8.030271362738184E-002
  1.174493953408540E-002
  5.413656622861851E-002
  6.293593060627978E-002
  9.080406612953840E-002
  2.443906515064320E-003
  3.256198792723908E-002
  6.806134912046558E-002
  7.502992570468281E-002
  2.594762747324975E-002
  5.364968650840019E-002
  5.522725485059132E-002
 -3.027190898661658E-003
  4.232818537297867E-002
  4.795024204741805E-002
 -0.273374211230924     
  0.151840903272921     
  3.728193587371686E-002
  9.589717215111460E-002
  7.758998521318805E-002
  6.357655737346468E-002
  7.516952401863153E-002
  1.104262822475643E-002
  8.302367438989178E-002
  5.070864287250587E-002
  5.128762740367487E-002
  3.476293598195879E-002
  5.782929129017622E-002
  7.899359115806504E-002
  6.128059915312722E-002
  2.682658731260812E-002
  5.028615298953543E-002
  5.465795940247209E-002
  3.134465194992453E-002
  1.889457981030207E-002
  5.494366548284535E-002
 -0.192281336087349     
  0.143706458180345     
  1.981938020914598E-002
  7.938669129992437E-002
  6.491660232113183E-002
  4.882524497996321E-002
  5.577563123853224E-002
  3.076798035225226E-002
  8.258030523088433E-002
  6.074603003775803E-002
  7.689994357641283E-002
  1.736962485920301E-002
  5.960282883220758E-002
  5.926724539698491E-002
  6.431063539003745E-002
  4.274635399621163E-002
  4.954417352216256E-002
  5.041129545641887E-002
  4.270466595809896E-002
  5.066236491070109E-002
  2.570431991462796E-002
 -0.166807130862526     
  0.167851059643702     
  1.584501758071477E-002
  8.934857336782898E-002
  5.361504259555161E-002
  6.479889735143662E-002
  7.522639973137379E-002
  4.114029276890596E-002
  7.765669499145911E-002
  4.824890766664069E-002
  7.760883517948503E-002
  1.795692621909106E-002
  6.868588992896596E-002
  6.654682954273405E-002
  6.525594665320389E-002
  5.074530244654163E-002
  6.143835936537945E-002
  4.190116785705678E-002
  2.397082332579359E-002
  3.070464081651225E-002
  5.621950250458607E-002
 -0.199382229144921     
  0.154208856904029     
  3.048036228180484E-002
  9.787362043701808E-002
  5.965846982752532E-002
  5.946075320625077E-002
  7.196367721848074E-002
  3.438475127140128E-002
  7.169886008603799E-002
  6.891485759490412E-002
  6.072289674760623E-002
  5.860075656388020E-003
  5.703936091157613E-002
  6.066225051382867E-002
  6.239118738759886E-002
  5.087590325338853E-002
  5.051227365775701E-002
  6.499623925332965E-002
  1.648827554771248E-002
  3.219995144076726E-002
  4.842970398505775E-002
 -0.268938330320974     
  0.159753474020577     
  4.073253579191460E-002
  9.739036013620961E-002
  5.506972955722089E-002
  8.440043685799392E-002
  6.887955363125353E-002
 -7.234014620737916E-003
  6.383695670339429E-002
  4.622075487421173E-002
  6.058844955400422E-002
  1.296924607211825E-002
  7.410366637838428E-002
  5.020038647252356E-002
  5.506347174602910E-002
  7.229662126059822E-002
  7.858673692687101E-002
  6.959246972081490E-002
  2.082393953097439E-002
  5.350842662802480E-002
  6.176801529704679E-003
 -0.193462863565550     
  0.158676336720943     
  1.189312764346839E-002
  8.333816897746438E-002
  4.377161444328881E-002
  6.412462085731896E-002
  8.297816926883317E-002
  3.702443586561666E-002
  6.233157445294379E-002
  6.768228553037237E-002
  7.346107071385966E-002
  1.996363229933840E-002
  4.343461048062114E-002
  7.596508475545638E-002
  5.720847384435157E-002
  4.526739716395456E-002
  4.690508588775022E-002
  8.247701256095918E-002
  1.496900980988158E-002
  5.132407762854563E-002
  3.335325554326374E-002
 -0.178317228219051     
  0.161883262871903     
  2.140802159677246E-002
  9.319700531138508E-002
  7.218432031801969E-002
  7.367363729719201E-002
  6.682998043821797E-002
  2.938664581520634E-002
  6.100314055944855E-002
  5.600244585752334E-002
  7.387552457231705E-002
  3.477918619486431E-002
  6.465684781538250E-002
  7.007907277039538E-002
  4.860650903586006E-002
  4.109383826158286E-002
  7.050058311455343E-002
  5.202762793138804E-002
 -5.702934469796084E-003
  3.553876111041210E-002
  4.824564949620924E-002
 -0.314360414463246     
  0.146243772434555     
  2.814768966434888E-002
  9.601297140800824E-002
  5.336029432404688E-002
  6.887606892149201E-002
  7.768538001348158E-002
  1.616295888904240E-002
  5.305110509688438E-002
  7.504774265717740E-002
  6.550724289030363E-002
  3.173212203226994E-002
  5.720544159342011E-002
  6.557429651207569E-002
  5.718496145972196E-002
  1.694392836492398E-002
  4.395944177284994E-002
  5.008860169812446E-002
  3.263314592630806E-002
  3.019147149368373E-002
  3.648758597478952E-002
 -0.268285816437859     
  0.169276764515264     
  4.100598219258789E-002
  0.100477727950512     
  8.570270993090068E-002
  5.626538832492767E-002
  7.010331230560096E-002
  1.197918678426113E-003
  5.853097117899630E-002
  5.625749841654160E-002
  6.549734365066617E-002
 -2.696098995959240E-003
  5.280649342992061E-002
  5.451715569768056E-002
  6.016882758249031E-002
  1.438941080993184E-002
  4.328169914823810E-002
  7.415358006002848E-002
  1.601382202132307E-002
  5.011017750257885E-002
  4.916154350360324E-002
 -0.245344385980288     
  0.167966404716069     
  2.387406194688380E-002
  9.361575334354466E-002
  4.282580763215982E-002
  7.309891976814376E-002
  6.838896937370531E-002
  3.208168521659527E-002
  5.885218413750393E-002
  7.043561084626215E-002
  5.427644884419081E-002
 -4.049527789937279E-003
  7.855061990982493E-002
  7.422400933398177E-002
  5.345419244968286E-002
  2.922456580894028E-002
  5.059389437229267E-002
  5.657571509477655E-002
  1.566729423986191E-002
  1.865882500058347E-002
  4.445457578064471E-002
 -0.343816834568423     
  0.152465725562163     
  9.313206453619216E-003
  9.151314640263486E-002
  7.245680791898701E-002
  4.475579874665392E-002
  7.063931986181560E-002
  2.736595451951107E-002
  6.689328698680297E-002
  5.912216854160912E-002
  5.825687322668127E-002
  4.408864361759157E-002
  7.180823176478357E-002
  6.624669448389020E-002
  4.989261558923686E-002
  4.481792188333733E-002
  6.960382146162769E-002
  4.854297422958875E-002
  1.376100501533140E-002
  1.042692818343127E-002
  4.596916513367888E-002
 -0.284313436921935     
  0.167246863350861     
  1.871276532906574E-002
  9.455782670042190E-002
  7.502792804914993E-002
  7.409373226566274E-002
  4.981956561411405E-002
  3.620224002463379E-002
  5.282368095783407E-002
  5.467294603341688E-002
  7.870887566434448E-002
  1.751255983097399E-002
  7.085035226906100E-002
  4.682687859814572E-002
  4.929246707870782E-002
  4.569317587583077E-002
  6.071545734257733E-002
  4.056175049492117E-002
  6.370776076900375E-002
  6.964438722548150E-003
  4.437129617881519E-002
 -0.187980750632034     
  0.190811718888568     
  3.854396220682155E-002
  9.290811197224702E-002
  6.640173969725005E-002
  7.153990286341894E-002
  6.114873622443351E-002
  1.707411283515459E-002
  5.667493663536471E-002
  5.823642792850925E-002
  7.565929016787887E-002
  3.356857664157520E-002
  6.515400311121267E-002
  7.712731339763312E-002
  5.020621099454448E-002
  4.161779907876095E-002
  6.612577652595897E-002
  2.870798462829016E-002
  2.124910508569622E-002
  3.984871225470143E-002
  5.548286514710443E-002
 -0.185562888842091     
  0.160021353567600     
  1.059805362281896E-002
  0.111231349944854     
  8.173825804204704E-002
  4.144793928925838E-002
  5.346625051326304E-002
 -2.357671076202550E-003
  6.632393365568312E-002
  5.936299675984069E-002
  6.539691116334212E-002
  2.563927984179815E-002
  5.329821820613245E-002
  6.590961285364882E-002
  7.017727865951073E-002
  5.815776326498456E-002
  5.694083434985431E-002
  6.216125121990990E-002
  4.837541295995873E-002
  1.145903302762741E-002
  2.234314077385624E-002
 -0.273530049405593     
  0.160454372828019     
  1.534500859978616E-002
  0.102530831315884     
  6.491498618497504E-002
  5.200222160102608E-002
  7.209983317775770E-002
  3.058157654247928E-002
  5.644060359299685E-002
  5.733997479841069E-002
  7.668232496166716E-002
  1.401532997651822E-002
  7.606774236625014E-002
  4.907788705921334E-002
  7.465370576234431E-002
  1.999173039113256E-002
  6.632407088840453E-002
  6.224757987859753E-002
  1.863814557199639E-002
  3.460817333218913E-002
  4.130006384330442E-002
 -0.301849584990091     
  0.149795622175307     
  2.632629649915064E-002
  7.726805744009813E-002
  6.358967683224970E-002
  4.143257252438004E-002
  8.165354570043293E-002
  2.020176187350575E-002
  6.393774243460870E-002
  6.464103703434421E-002
  6.785075441196409E-002
  3.568855721767283E-002
  7.598695472794870E-002
  6.799677532493664E-002
  4.876424767529219E-002
  2.133424457491628E-002
  6.598697596903680E-002
  2.134778415184579E-002
  4.977803876234033E-002
  3.018032073102839E-002
  3.866308065379831E-002
 -0.258687834512766     
  0.161140555823107     
  3.197028314441930E-002
  0.119005605387692     
  5.678665329591004E-002
  7.421294010959956E-002
  6.936036284539004E-002
  2.133774842880554E-002
  4.663896695373682E-002
  7.660752231794499E-002
  5.452908078449270E-002
  1.927495164131043E-002
  7.238071863826101E-002
  5.507987954064508E-002
  7.785846749816649E-002
  3.247595397323311E-002
  6.236854774103084E-002
  4.384964505842082E-002
  2.609945650444967E-002
  5.669214808684697E-002
  3.791108837271218E-002
 -0.212490506831066     
  0.147717513691749     
  1.317563467161609E-002
  0.104587235992700     
  6.724964987857340E-002
  7.212201422315478E-002
  4.390808438163729E-002
  5.638859074454050E-003
  6.777519502998641E-002
  6.312961135223705E-002
  6.915389519416304E-002
  2.293173272372862E-002
  5.979439594705238E-002
  6.848950297839118E-002
  7.285342409257267E-002
  8.792530837980372E-003
  5.029338945412676E-002
  7.347631082375716E-002
  2.777135630321892E-002
  4.333515524974907E-002
  3.800310072104895E-002
 -0.319574511261285     
  0.160321143186411     
  1.623831884284055E-002
  9.055856208638513E-002
  5.510853767796142E-002
  6.498580948934451E-002
  6.348454633677592E-002
  1.323943854440879E-002
  7.988492017557514E-002
  4.608238498097539E-002
  4.644375704108583E-002
  8.675394345185161E-003
  6.228111781833301E-002
  6.014372126578982E-002
  6.400875703376563E-002
  6.245973785520276E-002
  6.561195980664869E-002
  4.915745281602180E-002
  3.345544259350630E-002
  3.010008123864494E-002
  2.685362958566528E-002
 -0.311958719687564     
  0.154037559204502     
  2.773700713450555E-002
  9.969326817310264E-002
  5.638639798593859E-002
  6.191017157046319E-002
  6.846668044381843E-002
  1.831145756496921E-002
  6.654671673338419E-002
  7.320902378776140E-002
  5.476446792271894E-002
  7.879385285155305E-003
  6.404983848311219E-002
  5.899496611756228E-002
  6.433414144302529E-002
  4.663883857517037E-002
  6.726425495114674E-002
  4.081912887791428E-002
  7.054126172059583E-003
  4.942803393962825E-002
  3.431818320628177E-002
 -0.270145443090755     
  0.163112397557713     
  2.046349923129398E-002
  8.535655997049840E-002
  7.235971133861507E-002
  5.892780438642076E-002
  7.118259659678572E-002
  1.647176593607558E-002
  4.021024254341143E-002
  5.505788936795519E-002
  9.014503812135255E-002
 -2.077998161196248E-004
  6.748566975106041E-002
  6.539148656254767E-002
  7.734132840253427E-002
  3.183132167234914E-002
  3.869981348666307E-002
  5.453776801498211E-002
  2.940420110314301E-002
  5.258489782843556E-002
  3.591422319302839E-002
 -0.323407813172910     
  0.146072979566964     
  3.350529439859073E-002
  8.244271370440259E-002
  7.019740699736932E-002
  8.205887625297237E-002
  4.003584417090122E-002
  3.932865368459559E-002
  9.027217215910965E-002
  4.815455450900930E-002
  5.590786552608273E-002
  2.890244934918895E-002
  7.011231787732874E-002
  5.006724090040904E-002
  5.872670141376612E-002
  1.686724951398322E-002
  5.415261566609519E-002
  4.260397709166641E-002
  4.671817394327915E-002
  5.269499363255026E-002
  6.231812885388588E-002
 -0.200395963213742     
  0.159210577917606     
 -5.624058685276268E-004
  8.374779315920566E-002
  4.613123993252544E-002
  7.228630138337311E-002
  6.570362597618784E-002
  2.813075607388260E-002
  7.937640934272794E-002
  4.858906895018011E-002
  7.092594962373333E-002
  3.525318456782012E-002
  7.865856235016233E-002
  5.491907992495582E-002
  5.416647577278011E-002
  2.019103055494931E-002
  6.335198310483736E-002
  6.363191424000392E-002
  1.373376654280278E-003
  4.888696865409425E-002
  6.548376098221564E-003
 -0.331294344383860     
  0.155322258653654     
  1.816635830720426E-002
  8.950736551496252E-002
  6.824689318669763E-002
  3.789582453100482E-002
  6.926442035839731E-002
  2.669389610180728E-002
  5.018927658857886E-002
  6.080811563640465E-002
  7.876362341315046E-002
  3.145060893003171E-002
  8.053706104275937E-002
  6.246302380146451E-002
  6.112818613733861E-002
  1.352293117641823E-002
  4.394485886458421E-002
  4.533816376799660E-002
  4.900266267183007E-002
  5.013363189322884E-003
  1.647880180791939E-002
 -0.300932557017812     
  0.163191226976071     
 -1.887784174227747E-003
  0.110535455192428     
  6.277307591491166E-002
  6.956024993242083E-002
  4.928907190178711E-002
  2.605605864646732E-002
  7.531728030737528E-002
  6.593924765159198E-002
  4.467253491049461E-002
  2.570582507121300E-002
  5.359939847351558E-002
  7.912222045302042E-002
  5.945421482142210E-002
  2.686172138563014E-002
  4.854974294568137E-002
  6.288795113616152E-002
  1.531477032558115E-002
  5.359369199136188E-002
  4.363611263537626E-002
 -0.277900484156206     
  0.153208705337259     
  1.125602436321538E-002
  8.473015652148952E-002
  5.590351179215658E-002
  7.082482505145227E-002
  5.965425774294264E-002
  1.461818576231888E-002
  5.330822504953048E-002
  7.100688620029294E-002
  7.018110360050167E-002
  2.874310303527583E-002
  5.716073295199242E-002
  6.271217324885980E-002
  7.245627011642208E-002
  8.726165128216223E-003
  4.000197341710809E-002
  5.133896381128289E-002
  2.495728733715907E-002
  3.206400681608379E-002
  4.313175327809871E-002
 -0.307951593431637     
  0.151476338474133     
  2.471103763008875E-002
  8.071647802853921E-002
  6.187457142249575E-002
  5.000818552087027E-002
  8.561154856249586E-002
  3.293131882461475E-002
  8.508882693284192E-002
  7.953294301930558E-002
  4.002150085372957E-002
  5.971303892451374E-003
  4.476781183781842E-002
  6.446425905261399E-002
  6.501437359063433E-002
  3.383861487065642E-002
  8.340716670960269E-002
  4.344268202663315E-002
  3.585258912688039E-002
  3.127905328283997E-002
  4.854475968728245E-002
 -0.203144186417597     
  0.161973034373309     
  1.480277702756716E-004
  9.800953568586213E-002
  7.506561086129893E-002
  7.710831269104834E-002
  5.243691136149198E-002
  2.080662846981340E-002
  5.237244772077809E-002
  6.646712332365889E-002
  6.304186245119481E-002
  2.495007093496726E-002
  5.550829223189324E-002
  7.878166112666329E-002
  5.259812063111280E-002
  3.072925521002468E-002
  6.759213725358404E-002
  7.205019330229046E-002
  2.480411983853781E-002
  3.549233449837796E-002
  3.535403377796165E-002
 -0.293280647827028     
  0.147785620563287     
  3.403572653866815E-002
  9.758486966735447E-002
  4.217635364752992E-002
  8.350928189348394E-002
  7.816891621917832E-002
  1.328300080378364E-002
  5.219144911305151E-002
  5.277227860896849E-002
  6.529970966699672E-002
  3.505976955705892E-002
  6.766974810735193E-002
  4.074169790522175E-002
  6.724318823686903E-002
  5.819649368213176E-002
  8.216144413041859E-002
  4.460536332211562E-002
 -1.251293414548726E-002
  5.138662849613207E-002
  3.605838135154626E-002
 -0.319266967477115     
  0.149172343480923     
  2.149884289518456E-002
  9.020320053707298E-002
  5.580036900026697E-002
  8.030269253306932E-002
  6.353923137241768E-002
  1.508630105480924E-002
  5.063668471668525E-002
  8.266948923762896E-002
  4.192441443398609E-002
  2.025841445010323E-002
  5.946527579634153E-002
  4.568231690951197E-002
  7.350395287832767E-002
  4.012196465520113E-002
  4.462330335875131E-002
  3.890649109953415E-002
  4.141010017475066E-002
  1.374821952758887E-002
  6.836804276171882E-002
 -0.295092176975166     
  0.184320090405857     
  1.007218108884533E-002
  8.764276207233745E-002
  8.220163976750661E-002
  4.919291103328649E-002
  7.619366870004463E-002
  2.361969125940622E-002
  6.316990060083527E-002
  5.976331533682477E-002
  5.936356293019796E-002
  3.453449651350748E-002
  7.729961031649835E-002
  5.204098217786290E-002
  6.130341576729759E-002
  2.009911214142557E-002
  4.538204728530837E-002
  4.625014746191103E-002
  6.156955463565872E-002
  4.459631488763860E-002
  6.146976141323190E-002
 -0.189849488903651     
  0.161251044841166     
  2.328069371278607E-002
  9.182432371529092E-002
  6.132251596258986E-002
  5.702942892665985E-002
  7.363841830549089E-002
  3.290520856419699E-002
  6.391979753969024E-002
  6.770702728006428E-002
  6.740384233419539E-002
  2.689820728780079E-002
  5.903428725116988E-002
  7.790486401516872E-002
  4.961308633735018E-002
  3.467600306921081E-002
  5.445119773369400E-002
  4.633492896737179E-002
 -4.392058316537550E-002
  7.410499909555057E-002
  4.167113149419588E-002
 -0.370446777695002     
  0.152933819234840     
  1.694748618164565E-002
  8.634201091915816E-002
  7.394887825717378E-002
  6.738985084648763E-002
  5.782649577228227E-002
  1.885439739218242E-002
  6.116387204302953E-002
  5.484046818668631E-002
  7.458702648563398E-002
  1.949749436957182E-002
  7.730847797624441E-002
  4.983539203719922E-002
  7.462372032614661E-002
  3.279583353994919E-002
  5.475978299576756E-002
  5.467175347395947E-002
  1.708743435093707E-002
  4.709716591500357E-002
  4.578090621219433E-002
 -0.291352830511962     
  0.153149504924777     
 -5.926586947977874E-003
  8.978835321556744E-002
  7.166158314924664E-002
  6.565668134041291E-002
  6.542092074207018E-002
  1.065362559153549E-002
  7.579410001642606E-002
  7.163647830603159E-002
  4.604704394019576E-002
  5.841268040352121E-002
  6.426465432321271E-002
  8.673407761059326E-002
  5.761078875402492E-002
  1.073955881615873E-002
  3.780910821571892E-002
  5.860989422551544E-002
  4.244959894772249E-002
  4.159553827760631E-002
  3.553650907710837E-002
 -0.184260694859758     
  0.160923399945571     
  1.199977702691335E-002
  9.742634075861378E-002
  4.112225880140186E-002
  7.179158363902505E-002
  6.270470502553893E-002
 -1.500210345566799E-003
  7.063822795598906E-002
  5.635827584115716E-002
  7.334422039258903E-002
  2.770114101408305E-002
  7.119892408555384E-002
  6.077053539642763E-002
  6.465635154453708E-002
  2.346835295288319E-002
  5.581131421536312E-002
  4.504464094597183E-002
  5.371836142830144E-002
  6.215870313659488E-002
  1.380824666610403E-002
 -0.151285645421418     
  0.167489656653392     
  1.092175430677100E-002
  0.104066269789946     
  6.499964267131741E-002
  6.447122528093119E-002
  7.842405749792714E-002
  3.308818963993598E-002
  5.403059701687418E-002
  5.872663901997088E-002
  7.496221112110835E-002
  1.649393968204649E-002
  6.286989390730269E-002
  7.496184754066459E-002
  5.428483144846230E-002
  9.817392262998048E-003
  4.952129598967825E-002
  4.702087370763142E-002
  3.597649393675306E-002
  7.381779087631735E-002
  5.281892521275833E-002
 -0.212043100265585     
  0.159731806338980     
  1.190950644131883E-002
  0.100921546018058     
  7.553112750649871E-002
  5.545455672762134E-002
  5.311574256012364E-002
  3.356063942992771E-002
  6.403214215812725E-002
  6.465239355931218E-002
  5.799890238890570E-002
  3.061935363614410E-002
  5.437980563820666E-002
  7.172075790900501E-002
  6.966547759185604E-002
  2.720995801963788E-002
  5.425384326252858E-002
  6.189528105530506E-002
  3.468028652801181E-002
  4.197256200169031E-002
  4.453187294879413E-002
 -0.186827216497274     
  0.147213297261266     
  1.666128508620668E-002
  0.103159011436430     
  6.901176728448688E-002
  7.086523518659238E-002
  5.171345570137997E-002
  2.228844620188308E-002
  7.538742483221950E-002
  5.667869135339465E-002
  6.460183392913066E-002
  1.682912974393114E-002
  5.491292868144859E-002
  4.125841170999345E-002
  8.288543821145189E-002
  3.558015156873084E-002
  5.522497485249100E-002
  4.666264388999641E-002
  4.800812341808536E-002
  2.945645661381346E-002
  4.765432751077381E-002
 -0.197042193232787     
  0.182979866520028     
  3.663142937821062E-002
  9.218772309381418E-002
  5.648309558792519E-002
  7.021737543746587E-002
  5.601588477471331E-002
  2.345394804868484E-002
  5.749209009033107E-002
  6.322781710576209E-002
  6.559466931770053E-002
  9.202059965255582E-003
  6.367668924938996E-002
  6.259468104842947E-002
  8.046431054803982E-002
 -2.960791205485336E-002
  5.910505083079642E-002
  3.318811540682254E-002
  5.129856676388478E-002
  4.583429477517742E-002
  4.874665019506252E-002
 -0.242575688140915     
  0.159543534336423     
  2.463405327530976E-002
  0.123483858274599     
  6.465973378970236E-002
  6.863586157976176E-002
  6.812768203418473E-002
 -8.534961886094372E-003
  4.542206005741778E-002
  6.436308420529424E-002
  6.016851883477725E-002
  3.523287882097792E-002
  7.128927325012890E-002
  7.873788380907898E-002
  3.878013360042420E-002
  4.665694931829734E-002
  5.309682321199138E-002
  4.892770313231931E-002
  3.865024902101277E-002
  3.187906694513942E-002
  6.141698546480245E-002
 -0.201662340098737     
  0.166595501424932     
  3.700827766631942E-003
  0.112861190006458     
  4.694190658652808E-002
  7.165692393946976E-002
  4.971950309614348E-002
  2.585135813563655E-002
  5.876269494162134E-002
  7.195544678688715E-002
  4.885860281879828E-002
  3.592024799307802E-002
  5.027097682171000E-002
  8.054389011440122E-002
  5.862263965496406E-002
  2.529810936128429E-002
  3.039137930897629E-002
  6.419880641794817E-002
  4.984503488913017E-002
  4.963042238973014E-002
  4.674560803831396E-002
 -0.166710842181093     
  0.164064926353810     
  2.778626735332024E-002
  9.237508384241178E-002
  6.277880876902830E-002
  6.619615261953959E-002
  7.652430388998521E-002
  1.336386353932939E-002
  6.694097837146840E-002
  4.794736705155112E-002
  5.568794893572948E-002
 -2.196850217468516E-003
  4.250592911862106E-002
  4.983123993014515E-002
  7.849434902360264E-002
  5.374432607358326E-002
  6.104912546911057E-002
  7.467936809377684E-002
  2.577737076282283E-003
  1.925734816029046E-002
  3.271831867342923E-002
 -0.344266752995691     
  0.144062219129903     
  8.728158490557192E-003
  9.204855544079749E-002
  6.139437402158510E-002
  7.659147243724440E-002
  6.544968514611327E-002
  1.887596429452643E-002
  7.418555056032228E-002
  6.064191391649643E-002
  6.079387939547243E-002
  1.381264903807100E-002
  6.139121834339833E-002
  5.755118142129378E-002
  6.505237135875941E-002
  4.766209480514139E-002
  5.053190313765887E-002
  4.559540093697423E-002
  5.585414915050313E-002
  6.642184636638315E-002
  4.773034617663219E-002
 -0.209798784842501     
  0.165062200143965     
  4.883723872571633E-003
  0.112774389799319     
  4.782335608768351E-002
  6.480763142892432E-002
  6.579032538319085E-002
 -3.221576646499358E-004
  6.163453803859897E-002
  5.645216733794267E-002
  5.261233234900298E-002
  1.024923243769127E-002
  5.334156450644867E-002
  6.873343562725243E-002
  7.981161032075634E-002
  4.018950138732924E-002
  6.570947857933696E-002
  3.321546688073118E-002
  4.796442676710511E-002
  4.664633538262952E-002
  2.842375061544455E-002
 -0.263308251550350     
  0.158164781487023     
  1.546409948083394E-002
  8.845946644355784E-002
  5.995878852723069E-002
  5.882743015912839E-002
  6.638577753859898E-002
  1.194169547275825E-002
  6.162189292705700E-002
  6.433961689848899E-002
  5.677827875199837E-002
  4.707924386924978E-002
  6.348677781942036E-002
  5.634053778849168E-002
  7.935316151515637E-002
  3.666589391715069E-002
  4.620415824129420E-002
  6.381678101939448E-002
  2.023920369718057E-002
  2.397701790857454E-002
  6.623571451351118E-002
 -0.176842071870950     
  0.166123973742437     
 -1.528838082265338E-003
  0.119335544219551     
  3.866695809246345E-002
  6.826759052395637E-002
  8.220448861652851E-002
  2.715899466107974E-002
  8.645249545434941E-002
  6.024190839725763E-002
  5.795035107580238E-002
  9.497404263405063E-003
  5.685061893936771E-002
  7.407060004831212E-002
  4.255981491108429E-002
  3.374097630868089E-002
  6.981328656575259E-002
  4.671089651840277E-002
  4.530997280996685E-002
  4.334883304139614E-002
  4.456478556479526E-002
 -0.203478542065780     
  0.167038072984893     
  2.455778674554665E-002
  7.993686027197722E-002
  6.880547443223650E-002
  6.166158765623486E-002
  6.148368859709863E-002
  3.982704307774831E-002
  7.924334756469509E-002
  4.678298241173184E-002
  6.302961624757375E-002
  2.799873377012663E-002
  5.855310653470769E-002
  5.956073624030722E-002
  4.152998827745535E-002
  2.550290797378585E-002
  5.270416408164835E-002
  5.437808700274371E-002
  3.454885744281189E-002
  4.009650873252002E-002
  3.309115688311615E-002
 -0.259873349275530     
  0.158537157716601     
  2.390209905015084E-002
  7.374312640500058E-002
  5.233264589601316E-002
  6.434397136822601E-002
  6.020436457581912E-002
  3.930597601282271E-002
  6.360323576764038E-002
  6.471137409009942E-002
  6.060279198526219E-002
  6.041581788175598E-003
  6.617886806456297E-002
  6.382907224007162E-002
  5.638496010088667E-002
  3.513537464938610E-002
  5.022716692312779E-002
  4.367675069927635E-002
  2.360261951959597E-002
  5.549843875902660E-002
  5.522017137054624E-002
 -0.249696402663551     
  0.162181568794437     
