 -0.142129836215916     
  0.172752162750428     
 -0.440668885637005     
 -0.515781080527968     
  3.496399944858519E-002
  6.212613245851983E-003
  2.247979444405424E-002
 -0.143541280059877     
  0.136745470384009     
 -0.494906399636623     
 -0.563957066880486     
  1.897233212803873E-002
  5.374220331987911E-002
  4.380796096738260E-002
  0.179128481950211     
  0.186676699141742     
  6.091067176253517E-003
  0.413081100967456     
  2.631115441819076E-002
  3.715573497892344E-002
  4.693445301685317E-002
 -0.136328870099546     
  0.135739166611616     
 -0.536276563686380     
 -0.524235760440375     
  2.723022464745994E-002
  2.337505001847540E-002
  3.278859966698577E-002
 -5.620459107430253E-002
  0.133906886279647     
   1.21469659467184     
 -0.395100739011547     
  4.505511478499791E-002
  3.503274023066894E-002
  2.772588844985846E-002
 -0.199478665481034     
  0.165170316287332     
 -0.530416544794333     
 -0.487518456017017     
  2.411398687512156E-002
  2.788026264245880E-002
  1.912559403985803E-002
 -0.135063526887860     
  0.140124721057940     
 -0.468129694018589     
 -0.523876301908035     
  2.831806489020983E-002
  1.880902781010130E-002
  2.973220305105828E-002
 -0.122046757407694     
  0.146440779038265     
 -0.506046378847495     
 -0.580353651195133     
  2.605241751108756E-002
  3.512733207555951E-002
  3.015570604356388E-002
 -0.142712698607179     
  0.166032812586275     
 -0.457470750408587     
 -0.507029520845300     
  2.597075168199048E-002
  3.948137965196818E-002
  4.456069025074283E-002
 -0.159776916574733     
  0.185977423158518     
 -0.506906425146942     
 -0.421445088604226     
  3.092612467368894E-002
  3.314806707393814E-002
  3.131320254456493E-002
 -0.155804150299494     
  0.149302937323881     
 -0.553834624913536     
 -0.482211463748136     
  2.900493740552401E-002
  8.744156274823389E-003
  2.864731665645914E-002
 -0.160321805326706     
  0.162753354304800     
 -0.483139690280505     
 -0.513605658612907     
  3.599976622963608E-002
  2.981608363242594E-002
  3.241664559728108E-002
 -0.187676467348551     
  0.157809194698794     
 -0.585829161622841     
 -0.445225068881379     
  2.473469981726961E-002
  2.335316878616900E-002
  2.003531296333882E-002
 -0.151515278405793     
  0.146774328662876     
 -0.474580271539947     
 -0.573582355792695     
  2.788850611773686E-002
  2.106241372197304E-002
  3.045406975638187E-002
 -0.151816859611903     
  0.172841926738752     
 -0.533612560051447     
 -0.505031487445294     
  1.278948351871156E-002
  3.124934094964771E-002
  1.213794352387965E-002
 -0.117405556635626     
  0.213836625987744     
 -0.456784186317290     
 -0.332980117879526     
  4.957433517193943E-002
  2.368679921142902E-002
  3.917592644781531E-002
 -0.164097695659850     
  0.136654979309148     
 -0.505032569790811     
 -0.539797498402967     
  3.107698406446735E-002
  2.717645703053762E-002
  4.811099198729496E-002
 -0.148409819764743     
  0.161677720491887     
 -0.519948418522366     
 -0.557596944452711     
  1.324175536719752E-002
  3.849225141979351E-002
  2.749801086872783E-002
 -0.141358243277082     
  0.165176397599926     
 -0.406191339657212     
 -0.504999485844938     
  1.118500541313883E-002
  2.421893620898807E-002
  2.524137428108120E-002
 -0.155809639955939     
  0.178227923395263     
 -0.480922938916255     
 -0.433477099059624     
  5.028166143300428E-002
  1.324433371556688E-002
  3.334263516723268E-002
 -0.132031292481542     
  0.181323860617873     
 -0.410292748969637     
 -0.378979935757070     
  3.268578317747417E-002
  3.800386932099997E-002
  3.227094464319347E-002
 -0.141829731564331     
  0.153840784261054     
 -0.596365427819686     
 -0.495758716839196     
  3.040814786361967E-002
  1.642287385646390E-002
  4.521489451148142E-002
 -0.144963960838075     
  0.145617642275521     
 -0.563765093675713     
 -0.520467181953466     
  1.508261966024182E-002
  2.924980370018693E-002
  4.674557232733068E-002
 -0.164271743315584     
  0.166188977339002     
 -0.493863834139442     
 -0.399342381530976     
  4.363610765081738E-002
  2.548216122144142E-002
  3.703001157755081E-002
 -0.145333722535721     
  0.154928159363535     
 -0.486431125328569     
 -0.436909009276806     
  1.868557794529924E-002
  3.011551618162467E-002
  4.119529608649997E-002
 -0.167947592482895     
  0.186961859255221     
 -0.453734951575488     
 -0.457358409559182     
  3.199863497985589E-002
  2.325249807687968E-002
  2.232499688909750E-002
 -0.149411667161223     
  0.152514968985199     
 -0.514794812886381     
 -0.547181241959375     
  2.513434378472035E-002
  2.945985909031357E-002
  4.512805855491864E-002
 -0.173419116331166     
  0.168968903030620     
 -0.503663782719557     
 -0.469620981757653     
  2.516037958035111E-002
  2.097362863061469E-002
  3.325790739888768E-002
 -0.152701422996509     
  0.187696104830543     
 -0.504529531371054     
 -0.466386700963192     
  1.427466153267121E-002
  2.435055144253884E-002
  4.754026049427895E-002
 -0.172988088185338     
  0.168953747626349     
 -0.542565626988543     
 -0.509675257076207     
  1.639615114219306E-002
  3.494153879250561E-002
  3.252524428993819E-002
 -0.178857559911552     
  0.174225909623005     
 -0.488482603148734     
 -0.549051239426954     
  3.795688177591627E-002
  7.822800104229199E-003
  2.808377081456082E-002
 -0.167956346087180     
  0.164135287961222     
 -0.514018775707300     
 -0.542075108647489     
  4.348296639777460E-002
  2.921631062998153E-002
  2.938675659528434E-002
 -0.142405520300657     
  0.189415027201304     
 -0.515555730938297     
 -0.361498207961966     
  3.265398846292444E-002
  2.947891170274275E-002
  4.233472134604677E-002
 -0.138673825592551     
  0.130700072326466     
 -0.531170487162004     
 -0.535863627426130     
  4.020362651114484E-002
  3.312054690755384E-002
  3.475851350248194E-002
 -0.155741129238922     
  0.152486538222419     
 -0.449294779268111     
 -0.517170748756900     
  5.180605128203308E-002
  3.697839734417130E-002
  3.009724676530401E-002
 -0.168927007457026     
  0.193729633116243     
 -0.499097643737653     
 -0.412005506871513     
  2.718142728190953E-002
  2.728236869454037E-002
  3.095503215550821E-002
 -0.124997543081558     
  0.236697084245967     
 -0.362405134217281     
 -0.363088885934565     
  4.274983632739149E-002
  1.553779596775628E-002
  3.955757706314633E-002
 -0.142639097502157     
  0.164928404347587     
 -0.433408224025111     
 -0.537568651082140     
  2.352895029723423E-002
  3.177918634527588E-002
  3.881085290166597E-002
 -0.155189165887438     
  0.187584382950070     
 -0.410184263694323     
 -0.494296463252002     
  1.267278024856167E-002
  4.409977680995691E-002
  3.156227124985278E-002
 -0.140619047692816     
  0.175219036474345     
 -0.424377741381980     
 -0.494492482185442     
  2.987618153109572E-002
  2.067629863157627E-002
  4.485993324137449E-002
 -0.179535383706907     
  0.180607246981362     
 -0.460654079650413     
 -0.478735842733895     
  3.724483262607547E-002
  1.128009549342313E-002
  3.316507507620170E-002
 -0.148075794985834     
  0.188218094470189     
 -0.414627474589303     
 -0.463379824193484     
  2.886239060952922E-002
  3.722071278105754E-002
  9.099934264811149E-003
 -0.139422369794516     
  0.202895770356401     
 -0.404541764352626     
 -0.401079106959675     
  2.921539587172106E-002
  2.945926614123529E-002
  2.879078692913140E-002
 -0.135182702745043     
  0.186282712157918     
 -0.436121631199072     
 -0.521948465012141     
  1.870555657330153E-002
  4.425455419494650E-002
  3.871950668139523E-002
 -0.139637859326090     
  0.203551724030976     
 -0.381270908172502     
 -0.531902834066394     
  3.447066663962617E-002
  2.210009355901976E-002
  5.065132236412528E-002
 -0.146394245634033     
  0.194603946416709     
 -0.404077135664551     
 -0.492784987238821     
  3.745772474147246E-002
  1.731719962477141E-002
  3.189082738319970E-002
 -0.172279145091785     
  0.164292237323354     
 -0.378234043847794     
 -0.520778951105465     
  3.266574714965487E-002
  1.939803478164992E-002
  2.266281043899321E-002
 -0.130204579529531     
  0.135278122068336     
 -0.457409477749182     
 -0.416309088645892     
  3.744255044097322E-002
  3.552696846940195E-002
  5.520004738938045E-002
 -0.161741035879875     
  0.145539651958037     
 -0.498527098763729     
 -0.545368716190280     
  1.666802333829398E-002
  3.022281738039589E-002
  2.148083223635988E-002
 -0.134885965378878     
  0.136421101626402     
 -0.551725673433538     
 -0.499310203081066     
  3.233781047567807E-002
  2.527506492425224E-002
  3.502155139122443E-002
 -0.149310334220869     
  0.181712710532566     
 -0.518012629195671     
 -0.505449437702887     
  2.254054019087626E-002
  3.471677434348874E-002
  2.690626460930534E-002
 -0.150330625281353     
  0.169999361913443     
 -0.431021452561879     
 -0.529631483492474     
  3.157578019203422E-002
  3.519787247582362E-002
  2.661436110731441E-002
 -0.162900764564721     
  0.171264804065782     
 -0.399972263283361     
 -0.522915898904303     
  3.015130783242859E-002
  3.592992379541937E-002
  2.696187192411048E-002
 -0.154266699393921     
  0.176472935863508     
 -0.491131378607601     
 -0.429792950782929     
  3.861073744111698E-002
  3.953095619898117E-002
  2.838444317745203E-002
 -0.152914223481846     
  0.150328905410794     
 -0.547346215424481     
 -0.508029779611342     
  1.546535742177457E-002
  3.681214019345314E-002
  3.692703803332409E-002
 -0.134639992574619     
  0.177192670090657     
 -0.504998265991403     
 -0.417666731808994     
  4.418623641329167E-002
  1.835643103432116E-002
  3.159772050980969E-002
 -0.149121271403253     
  0.138101162160740     
 -0.569591732742813     
 -0.510780991736983     
  3.246673579492476E-002
  3.270123480200471E-002
  4.253325579823297E-002
 -0.136729065800945     
  0.153955477725974     
 -0.561757431422644     
 -0.524979707152665     
  2.547005580589023E-002
  4.735672378017830E-002
  3.099382897623748E-002
 -7.304290711532957E-002
  0.174141624760396     
 -0.504108540945574     
  0.232628977216714     
  3.218616517139983E-002
  3.426880259094400E-002
  2.774287793334029E-002
 -0.130033074137849     
  0.221767405259047     
 -0.356717605050733     
 -0.483417201446470     
  4.407755782931755E-002
  4.527745197796407E-002
  3.490823377514307E-002
 -0.159276460413683     
  0.164137607213393     
 -0.498550260115990     
 -0.537424139858418     
  2.778942987188737E-002
  9.354501805099003E-003
  2.973776490743485E-002
 -0.134719366251749     
  0.141104335420347     
 -0.535640867154341     
 -0.561884516814560     
  2.419291337698559E-002
  4.154721433045083E-002
  3.325179610277029E-002
 -0.154753786328148     
  0.157673098155948     
 -0.502497508320767     
 -0.525135374101091     
  2.441291284367875E-002
  3.371901272211320E-002
  2.047395525669704E-002
 -0.150547860397630     
  0.143517148676652     
 -0.541065120739992     
 -0.502099717476347     
  1.978942150186869E-002
  2.471515455670459E-002
  3.998972905970610E-002
 -0.160086092178358     
  0.158536410818109     
 -0.454353945596685     
 -0.520296582630177     
  4.408131169950202E-002
  4.374783183164954E-002
  1.275077106844746E-002
 -0.115140351395406     
  0.169652515802950     
 -0.408087903225958     
 -0.457384473766453     
  2.948150803495875E-002
  2.483292360168010E-002
  4.267124363086550E-002
 -0.133218107587922     
  0.175789706338408     
 -0.505715839800502     
 -0.434709953471900     
  4.627573885130198E-002
  2.118969202691545E-002
  4.241647383742531E-002
 -0.147757437271339     
  0.164366689351188     
 -0.532841694286980     
 -0.537766896170318     
  3.974170089346041E-002
  2.009007612515545E-002
  4.306563426588272E-002
 -0.133879106789824     
  0.169759891740453     
 -0.563631659440365     
 -0.530038499251104     
  2.913445074500920E-002
  4.091114972389742E-002
  3.894123297853913E-002
 -0.166341461137003     
  0.152579960010197     
 -0.497124865289448     
 -0.544113970297507     
  2.787618024235650E-002
  3.086025432172679E-002
  2.583795490050900E-002
 -0.148522233679534     
  0.198285979361958     
 -0.370704535755706     
 -0.555918994559045     
  3.238323988901004E-002
  4.645221536191557E-002
  3.100202138211827E-002
 -0.139708419478687     
  0.127162065256504     
 -0.545454027604817     
 -0.522379275011521     
  3.210298857050942E-002
  4.516600687676287E-002
  4.694067651039813E-002
 -0.143205066604470     
  0.148345092420124     
 -0.485015132914155     
 -0.379616848699697     
  2.450670522044285E-002
  4.701876984920283E-002
  3.753737943593238E-002
 -0.166304235827496     
  0.176004992249192     
 -0.471084958187991     
 -0.570317301775646     
  2.582510883830713E-002
  3.541905814905522E-002
  1.490238146761935E-002
 -0.146708826955801     
  0.187575651960852     
 -0.365672586124149     
 -0.466474068364021     
  2.571789317702045E-002
  4.445029354970598E-002
  3.320521329391546E-002
 -0.152916603574141     
  0.150828841087362     
 -0.513063818913100     
 -0.526783063933416     
  1.053828425159808E-002
  2.383044833814651E-002
  2.590577659634541E-002
 -0.159815556905932     
  0.160126738336901     
 -0.545281465810594     
 -0.502172873389688     
  2.978486312828932E-002
  2.416170212639834E-002
  3.430322084227055E-002
 -0.157595181003252     
  0.156125398471473     
 -0.500272758061827     
 -0.545479427357306     
  2.566512861827963E-002
  2.226165247684286E-002
  1.996784696600018E-002
 -0.126749408771913     
  0.162156861733055     
 -0.525781722196843     
 -0.575147172051909     
  3.455404084012481E-002
  2.174579985490388E-002
  3.602672732867873E-002
 -0.140176916886728     
  0.151100889330279     
 -0.560183518795186     
 -0.547147151723953     
  4.673607318247452E-002
  2.447659239092970E-002
  3.765688992554861E-002
 -0.145877843549535     
  0.178748481142343     
 -0.440291190713712     
 -0.521185117329146     
  3.113714281508206E-002
  3.183768806460285E-002
  4.467386100434678E-002
 -0.152930686845784     
  0.168872591718573     
 -0.533165367242419     
 -0.530028167251380     
  3.244908316979556E-002
  1.466929687708018E-002
  3.366948119256663E-002
 -0.147297318099118     
  0.184135619454266     
 -0.499982248895417     
 -0.443272538680826     
  2.837712835887041E-002
  3.916443568223360E-002
  3.082229782753876E-002
 -0.151384930159169     
  0.180835744132925     
 -0.433517676377775     
 -0.436687358541374     
  3.245279845003224E-002
  3.631078500677820E-002
  5.693824140744430E-002
 -0.191445809605296     
  0.174211036620890     
 -0.529725259647632     
 -0.504378456230989     
  3.011617448171822E-002
  3.836071223559190E-002
  2.092786737168828E-002
 -0.150415503174874     
  0.151613965050381     
 -0.530045185517234     
 -0.533353737221455     
  4.019302464235941E-002
  2.916890398292826E-002
  3.412665157498040E-002
 -0.170366966833691     
  0.187660615765059     
 -0.457591351220197     
 -0.452438743305712     
  2.360907422087322E-002
  2.720026103089190E-002
  4.814957805508946E-002
 -0.139619964872044     
  0.213160698957681     
 -0.321589875464595     
 -0.422694489453234     
  4.068343400116703E-002
  2.800801997391011E-002
  3.114199784224636E-002
 -0.168106322256214     
  0.184849252364053     
 -0.400095177648316     
 -0.487537983822485     
  4.000571330541847E-002
  3.812727492667134E-002
  1.757794661724132E-002
 -0.151054699739454     
  0.123638583273091     
 -0.493197138041384     
 -0.552888746020775     
  3.311356939459520E-002
  2.540596893798552E-002
  2.937332514183244E-002
 -0.137400949046237     
  0.153654028385812     
 -0.526732480787168     
 -0.563267434674909     
  4.150068090067072E-002
  1.994570712562072E-002
  2.302019737667604E-002
 -0.135939333289738     
  0.187977467740361     
 -0.450003534061626     
 -0.372059169475139     
  4.201623124480969E-002
  3.266730345262014E-002
  4.147558149959418E-002
 -0.132123203796235     
  0.205220448052787     
 -0.341442632655657     
 -0.353055272867739     
  3.717079980717986E-002
  4.441129077265349E-002
  2.853308919338648E-002
 -0.134112695683958     
  0.151574756847193     
 -0.424139060963233     
 -0.511023659267730     
  2.672821268182923E-002
  2.638827707290914E-002
  4.812699776112173E-002
 -0.158055361954031     
  0.207707716498599     
 -0.468763657214367     
 -0.397356387019290     
  3.627681771970837E-002
  3.722456584688061E-002
  2.938040503149031E-002
 -0.184767783425395     
  0.193074482702358     
 -0.368076931772360     
 -0.498045997681045     
  2.026983572985575E-002
  2.202384231828014E-002
  2.796809934595879E-002
 -0.147186903295584     
  0.145858701660685     
 -0.543071724348731     
 -0.522304861009481     
  3.536797231128064E-002
  4.528516250884151E-002
  1.298824120986186E-002
 -0.145068020123815     
  0.156084423367268     
 -0.550330127746363     
 -0.521647285073789     
  3.594285233548999E-002
  2.229295300576550E-002
  3.321247030668439E-002
 -0.133480134259591     
  0.129438560390257     
 -0.523923754583454     
 -0.531289381396269     
  1.353391768605494E-003
  2.767835275363295E-002
  3.159434830649999E-002
 -0.142880668053297     
  0.147283185229206     
 -0.582308810229267     
 -0.504823138178907     
  2.924956659771782E-002
  3.960946724785752E-002
  2.827016676170890E-002
 -0.160170870754270     
  0.176787058534892     
 -0.407348014696229     
 -0.489185127878338     
  3.211138001124814E-002
  3.519800602587253E-002
  1.472880889870321E-002
 -0.149407456458114     
  0.167243613105825     
 -0.507373107015793     
 -0.455413521384570     
  2.730853468689065E-002
  3.328906908332796E-002
  3.884156298963304E-002
 -0.179128173525540     
  0.192454423193514     
 -0.390480201207480     
 -0.510999320547169     
  1.745619437579404E-002
  2.468709258648905E-002
  4.197187068277697E-002
 -0.137119170987572     
  0.174528453713469     
 -0.417114364345431     
 -0.493700061409496     
  3.463223170929663E-002
  1.954927474206003E-002
  4.445118806690251E-002
 -0.188154335780150     
  0.176531575326417     
 -0.519327711305262     
 -0.515231450925609     
  4.408166817438430E-002
  2.985496876250349E-002
  1.370255146573218E-002
 -5.093692606921607E-003
  8.461295996381057E-002
  5.969325155381411E-002
  6.196485699754495E-002
  5.732555947135776E-002
  1.941301921188821E-002
  7.464193733974511E-002
  6.082764541086538E-002
  6.222930353666067E-002
  1.958935847716692E-002
  6.928184999144482E-002
  5.123612833631652E-002
  5.954206157140285E-002
  1.691086259809182E-002
  5.629809887134907E-002
  6.515468536177382E-002
  3.842949789724592E-002
  1.831188720638810E-003
  5.224377225787524E-002
 -0.262340067208592     
  0.164930612021591     
  2.021813535243755E-002
  0.104735647171211     
  5.983620291854119E-002
  6.512235757483020E-002
  6.933609715004085E-002
  8.168875807199605E-003
  6.475391904725381E-002
  5.148122155222001E-002
  5.760190041208602E-002
  1.815072661523587E-002
  5.012407990404300E-002
  6.217674435755216E-002
  6.917255008320289E-002
  5.475791795944662E-002
  6.268710997104621E-002
  6.726788679661411E-002
  3.325935041097727E-002
  3.451828402536350E-002
  3.378885110322383E-002
 -0.220477017953820     
  0.170572471632202     
 -1.444660988293656E-003
  9.445490216743746E-002
  5.362198651786154E-002
  5.296480974855799E-002
  5.808993906223303E-002
  2.272006328045473E-002
  5.770999749348038E-002
  6.588868730420017E-002
  6.261265559128371E-002
  3.811976829634922E-002
  7.171650818176378E-002
  6.235171444495546E-002
  5.801314620714759E-002
  3.898121285938139E-002
  6.273771092655134E-002
  6.620058938683981E-002
  3.066793514016286E-002
  4.057197817902636E-002
  2.463551664536745E-002
 -0.225202470080397     
  0.159045102384210     
  2.317912472440309E-002
  8.727515543570696E-002
  6.309383314460459E-002
  6.068817993843811E-002
  5.087133543064137E-002
  9.437696429807296E-003
  6.228893363000199E-002
  7.385584096257214E-002
  5.997926619366467E-002
  1.670234974679952E-002
  6.729903806930260E-002
  7.407071748517968E-002
  4.280251215444031E-002
  7.963165963281993E-002
  6.279795562854162E-002
  4.164568353539677E-002
 -1.590230584673780E-002
  3.986702231152106E-002
  6.535481796728626E-002
 -0.374234442754318     
  0.145770162431175     
  6.977370111694636E-003
  8.665312990296936E-002
  5.829825277379486E-002
  6.997867721480777E-002
  7.286607024984226E-002
  4.240292574915738E-002
  5.992209005660287E-002
  7.405718504370595E-002
  6.393635091617611E-002
  4.122051406427341E-002
  8.662722448710725E-002
  4.536041040856631E-002
  5.481371482777497E-002
  4.330535395656376E-002
  6.421267518621976E-002
  5.363534223664890E-002
  2.907444698981454E-002
  5.029495752836144E-002
  2.627231942517216E-002
 -0.201150600722997     
  0.149954830332458     
  3.399233736096630E-003
  0.109992101929048     
  6.451024080517376E-002
  6.228288452880049E-002
  6.528432707860743E-002
 -3.895996604682317E-003
  7.711494040044409E-002
  4.832880204485368E-002
  6.791178322004510E-002
  4.429104014873619E-002
  4.999459928886041E-002
  8.624077045311507E-002
  7.164797714083782E-002
  2.857260271848405E-002
  2.976813183346205E-002
  5.445127387338389E-002
  4.417981264302728E-002
  5.077999634313834E-002
  4.686799561338206E-002
 -0.195319877123498     
  0.156071098850030     
  3.501616328019974E-002
  9.247321479613824E-002
  6.276858032907184E-002
  8.781243653067450E-002
  3.869969634710335E-002
  1.714606234926386E-002
  5.239319584281965E-002
  7.287965126505769E-002
  7.145984808523564E-002
  3.213457577089995E-002
  6.810524186125988E-002
  5.703793178586913E-002
  5.581766206298000E-002
  3.181157156225645E-002
  4.435981953035462E-002
  5.472300741228842E-002
  3.141508581394170E-002
  9.166522288337031E-003
  3.406080691148816E-002
 -0.299886044704140     
  0.174753112715945     
  1.526432289189783E-002
  9.275283479170238E-002
  4.876941658177636E-002
  7.863424501725447E-002
  5.844870153963377E-002
  4.080558507883758E-002
  8.756083657709390E-002
  5.061514655950627E-002
  5.372633997736176E-002
  3.023228731442940E-002
  6.372028404698160E-002
  6.549094374655484E-002
  7.431012307664187E-002
  3.431749364588033E-002
  5.382534134654926E-002
  6.224447858889082E-002
  8.277198389826879E-003
  4.402423102857533E-002
  2.758729850901409E-002
 -0.363087812191418     
  0.147437580820142     
  3.657343343431041E-002
  0.100689011239322     
  6.657635917904037E-002
  6.859312592609279E-002
  6.657694637016975E-002
  1.428933051704329E-002
  6.633903875780922E-002
  7.677737354606773E-002
  4.768322414600856E-002
  1.714493825585706E-002
  6.316862270304535E-002
  7.606863358583749E-002
  5.099611857848829E-002
  3.908241475049756E-002
  6.054853599103271E-002
  3.985509966430478E-002
  1.770690549117182E-002
  1.302068521284672E-002
  5.517438602621594E-002
 -0.286507169633158     
  0.163043382829089     
  8.875453408775602E-003
  7.767008029014022E-002
  6.922718843193298E-002
  7.747280950368318E-002
  4.666757029276536E-002
  8.996422520534786E-003
  6.217649530663794E-002
  4.461781848754276E-002
  6.834171044126469E-002
  3.225859238298767E-002
  6.624411709706135E-002
  5.615495456837649E-002
  7.509540960366223E-002
  4.534258784087619E-002
  6.548059424884656E-002
  6.969942893990910E-002
  1.723468840618914E-002
  9.095859981493981E-003
  3.877549264514701E-002
 -0.292334408811698     
  0.163928291066103     
 -3.012610934810045E-002
 -0.103310615153354     
  6.946613592194484E-002
  5.511045287919936E-002
  5.285321749187732E-002
 -1.808879203423341E-002
  4.779676418397794E-002
  6.056918194179772E-002
  5.565853690713163E-002
 -9.541003891112609E-002
  3.529945577063276E-002
  5.935622559660358E-002
  5.108409169836503E-002
 -0.238240908050344     
  2.684792655940604E-002
  4.816300945304031E-002
 -3.211703385870912E-002
  5.400941728913666E-002
  3.546175654142547E-002
 -0.219595422675606     
  0.165661208968473     
  3.888745377245284E-002
  8.488575030431367E-002
  6.215712161326048E-002
  8.024333297042807E-002
  6.725645360643306E-002
  8.551849871101247E-003
  4.031107602509143E-002
  6.712214039098885E-002
  6.611395026225342E-002
  1.485985248637389E-002
  8.392493915997656E-002
  5.246364700249406E-002
  6.870851590589633E-002
  2.333024513566162E-002
  4.427506536782744E-002
  4.715207292886126E-002
  2.764076344886268E-002
  3.226211115824829E-002
  5.263385167503176E-002
 -0.269132749139025     
  0.166372628910965     
 -5.219602936657353E-003
  8.622981079985692E-002
  8.477634397950662E-002
  6.459549932882347E-002
  3.329846538205117E-002
  2.852869433415650E-002
  8.403969128447719E-002
  6.081763328767997E-002
  4.600134257603861E-002
  4.204016606830852E-002
  3.412398888349888E-002
  7.578623941897589E-002
  8.234803857650597E-002
  3.452542576011330E-002
  4.707561770425572E-002
  6.251429010916942E-002
  4.766456834863009E-002
  2.969298161147926E-002
  2.443404867257892E-002
 -0.244482821746759     
  0.171836077215434     
  3.420892898697758E-002
  4.112753889722676E-002
  6.568891565229917E-002
  5.635846125049615E-002
  5.792748069085241E-002
 -5.202481257782665E-003
  3.512966519191096E-002
  4.656233909694762E-002
  8.845590228401778E-002
  2.078053060036300E-002
  6.428741865998300E-002
  9.919359561104413E-002
  5.452318510538323E-002
  2.148417739900754E-002
  5.107881516892476E-002
  4.892150598615663E-002
  3.421508636030302E-002
  5.319938962025950E-002
  6.572593668261784E-002
 -0.265448992258785     
  0.164478238641870     
  3.067224242534738E-002
  0.102424838914364     
  7.566237760336969E-002
  4.304460008384314E-002
  7.560116105083903E-002
  6.345084540207324E-003
  4.826889445446425E-002
  5.004890502515180E-002
  7.101469283132278E-002
  5.493186181874776E-002
  5.538806976843369E-002
  7.211160242516734E-002
  7.171999191084433E-002
  2.800984158708930E-002
  5.976384453951211E-002
  5.378598460397088E-002
  2.850048363780111E-002
  3.596896296011587E-002
  4.444280979423743E-002
 -0.195612242436727     
  0.154533399006434     
  1.937910521211972E-002
  0.108167809402815     
  4.986963171936531E-002
  7.250238601690440E-002
  6.740080377253066E-002
  1.809587460967732E-002
  6.416707299537261E-002
  4.932031941323289E-002
  7.940835017569003E-002
  1.544794496762503E-002
  6.005418172650201E-002
  6.335629428070644E-002
  6.969614155956505E-002
  6.092320139149532E-002
  6.766989919051236E-002
  5.405175948747931E-002
  3.299845509650279E-002
  4.294863965978712E-002
  2.946100047763978E-002
 -0.211161520071780     
  0.146336256298512     
  2.993344314769386E-002
  8.915054595268224E-002
  5.863881021205331E-002
  5.772984018492311E-002
  6.970577367110486E-002
  1.764315415956386E-002
  5.866233617976213E-002
  6.954306826466128E-002
  6.632686871144111E-002
  4.151473262891292E-002
  6.716362772234541E-002
  6.565811921019071E-002
  6.982877096374795E-002
  2.533841337692433E-002
  5.085421625276354E-002
  4.657895417664648E-002
  1.979681813035405E-002
  4.568295397986810E-002
  4.371956635921626E-002
 -0.328701838524797     
  0.150890840011217     
  3.054249847956569E-002
  0.126706464519279     
  7.670783964231342E-002
  7.065280475959701E-002
  5.322013056651587E-002
  1.241498744501657E-002
  3.957325728890149E-002
  5.278348672971511E-002
  6.642245025778071E-002
  3.069510425086985E-002
  4.441351422380369E-002
  7.158319648183464E-002
  6.110745699434939E-002
 -1.344504989523543E-003
  5.210289829262660E-002
  4.750339596379860E-002
  2.813067979354544E-002
  7.561069441965718E-002
  2.283793949710977E-002
 -0.229572972829548     
  0.143584720286171     
  1.655754875439364E-002
  9.507593580602247E-002
  5.651583707411567E-002
  3.728662075594324E-002
  6.369679880560442E-002
  7.334680481196898E-005
  4.545597115401812E-002
  5.887936889731948E-002
  7.671933066507619E-002
  3.874734532048585E-002
  6.738602594974119E-002
  8.027650522878493E-002
  5.387981388425833E-002
  8.172212788876720E-002
  6.236321149559587E-002
  4.015269404455868E-002
  2.450098012311885E-002
  4.245693129744066E-002
  4.072778537378052E-002
 -0.338333719434652     
  0.156227147703077     
  7.756549233675969E-003
  9.367730350306580E-002
  5.933401620636336E-002
  7.527781659619359E-002
  5.773629129560176E-002
  1.862190780533712E-002
  6.490179781568384E-002
  5.694405649882694E-002
  5.317035862122554E-002
  3.081402320505244E-002
  6.078268024239930E-002
  5.798017687509771E-002
  7.326586407436997E-002
  6.951193789655052E-002
  6.594349075427297E-002
  4.843990098828255E-002
  2.295499003386769E-003
  3.752139158023449E-002
  2.923491484225860E-002
 -0.341289936156913     
  0.159026751979241     
  1.840027090990493E-002
  9.995141733242185E-002
  5.778287171627172E-002
  6.795098234840447E-002
  7.166555133571728E-002
  1.653098532251818E-002
  5.816866061192194E-002
  4.698232096562993E-002
  7.107668924576449E-002
  1.151304316219148E-002
  6.432890230714938E-002
  7.603607710415072E-002
  5.172880130219615E-002
  6.852231493717076E-002
  7.295807812114541E-002
  6.832248097180116E-002
  3.251485435428769E-002
  2.294042936731733E-002
  4.544632165403517E-002
 -0.190226317855041     
  0.149880240547485     
  3.082943600138632E-002
  0.100729464542857     
  3.440797056350875E-002
  5.661617569135069E-002
  8.525285975390506E-002
  2.919932145505078E-002
  6.206942885916733E-002
  7.124260892577183E-002
  6.567590514453303E-002
  6.391275992633894E-003
  6.799351095084516E-002
  6.511475863814897E-002
  5.817429166473342E-002
  6.320147828158706E-003
  5.311614220072503E-002
  5.964132628791863E-002
  8.852241271563699E-003
  2.596150214735626E-002
  3.793880345703204E-002
 -0.268216076456810     
  0.160517763433365     
  6.086989369994189E-003
  9.469037284360571E-002
  7.250631794630824E-002
  3.730542181497842E-002
  7.849857198789167E-002
  1.517110401432031E-002
  5.358589259310009E-002
  6.842531360513449E-002
  5.800727906865788E-002
  2.010663015210667E-002
  5.200037124330636E-002
  4.820051832517258E-002
  7.888587498191557E-002
  2.239160021042341E-002
  4.583494541438293E-002
  4.659644612466518E-002
  1.874056327659757E-002
  3.470195856638147E-002
  4.955186202378392E-002
 -0.351898707574703     
  0.148009511359620     
  1.598156757736380E-002
  9.635404312872353E-002
  6.395072999217011E-002
  2.944004694307156E-002
  6.596040530822600E-002
  3.411006644313153E-002
  7.524185631333358E-002
  6.082551916706236E-002
  5.053446855885302E-002
  2.235098582995709E-002
  4.300759235598539E-002
  6.495272023539211E-002
  7.796379040686618E-002
  5.234746636933618E-002
  4.194589287317985E-002
  5.084820110870913E-002
  5.712771479988454E-002
  1.261058543289961E-002
  2.784243412833309E-002
 -0.271411097735597     
  0.158044849392616     
  3.391697528311832E-002
  0.110154546441698     
  5.212527368361197E-002
  7.694549131783635E-002
  4.505749437193496E-002
  2.755375981350783E-002
  3.527934306294889E-002
  6.610841242356880E-002
  8.728813837963612E-002
  1.417622540516472E-002
  5.618604296811713E-002
  7.633990336708274E-002
  6.017761293514645E-002
  1.150406689889394E-002
  2.314800134883799E-002
  7.107897807065411E-002
  2.520311881010429E-002
  2.927678908196696E-002
  3.716720190734801E-002
 -0.287657000166167     
  0.161062450311193     
  3.382019839785366E-002
  8.322559692621212E-002
  8.732889146851330E-002
  3.947561732409355E-002
  4.792930995455102E-002
  1.277541575142749E-002
  7.830302873334516E-002
  6.915340148618576E-002
  3.590576751178987E-002
  3.469607592935153E-002
  9.230574339547226E-002
  4.683620532221355E-002
  6.856608477243209E-002
  6.167202141380379E-002
  5.539397819202907E-002
  7.418382738126006E-002
 -9.562302980006265E-004
  4.556663694955365E-002
  2.011460709397994E-002
 -0.305304811938595     
  0.149722008021106     
  8.276161654197089E-003
  8.401959842901974E-002
  3.322005144664431E-002
  5.230692604847420E-002
  9.449691551198691E-002
  3.412914986688920E-002
  6.855937984786242E-002
  5.814586388417031E-002
  8.758706875580813E-002
  1.474114879087507E-002
  7.412812130883917E-002
  4.851100460408997E-002
  6.888908969864327E-002
  4.133822607405202E-002
  3.366242508634598E-002
  5.754417171867821E-002
  3.452521428653421E-002
  6.086107457868739E-002
  4.557755316152146E-002
 -0.199638869210738     
  0.175357623730852     
  4.271792896364923E-002
  8.418334923724924E-002
  7.154020841786368E-002
  6.005371365253820E-002
  6.507054358226150E-002
  2.334187709171420E-002
  6.202258495516266E-002
  6.487923812691521E-002
  5.021629652609927E-002
  2.009277353256600E-002
  5.237577453443043E-002
  6.834186032286693E-002
  4.855186712841109E-002
  4.415699814702645E-002
  5.835272882928855E-002
  5.516627287315579E-002
  2.528032342771747E-002
  1.852831736497529E-002
  2.822079972503611E-002
 -0.318938325031969     
  0.163322308082997     
  1.518299517924371E-002
  7.995429119976460E-002
  5.932322273503809E-002
  6.023841589523926E-002
  6.694688073081623E-002
 -1.934685421236537E-003
  6.526300957006248E-002
  6.497913295685287E-002
  5.501912041301094E-002
  3.077373730754118E-002
  8.405933525207321E-002
  6.024066324626154E-002
  5.493501665650802E-002
  3.806750222096245E-002
  4.888159496292777E-002
  5.594698565848799E-002
  3.001169387399871E-002
  5.921274990940140E-002
  3.098174268120035E-002
 -0.200358133678547     
  0.168359765762559     
  1.849707584010485E-002
  7.838408621597992E-002
  7.303424105213496E-002
  4.416653499074119E-002
  5.221534453226773E-002
  3.546417745347519E-002
  7.608598646630049E-002
  8.436489882011944E-002
  3.692053145176166E-002
  3.525520382966807E-002
  6.178515360794123E-002
  3.616479304824294E-002
  7.308447132822793E-002
  2.683581414880853E-002
  6.197711194355426E-002
  6.171250272184392E-002
  1.879521602612666E-002
  5.157833467059347E-002
  5.677989136724126E-002
 -0.270498569212920     
  0.148221606810948     
  4.576420359511779E-002
  7.726838338078412E-002
  7.741053703953127E-002
  7.190998685322458E-002
  6.996144483426781E-002
 -5.861783115739705E-003
  6.848582808481618E-002
  7.232953124436270E-002
  6.404942329805641E-002
 -5.967149049891596E-003
  5.274949211880264E-002
  7.263182592640005E-002
  5.610649467347872E-002
  5.055710620374576E-003
  4.834634322504794E-002
  4.538455898933125E-002
  4.748933550052348E-002
  2.930207849198707E-002
  2.739986982640374E-002
 -0.244570852438764     
  0.164039647274749     
  5.605666333195725E-002
  8.374728215356164E-002
  9.212935069995687E-002
  6.641485192273633E-002
  6.933564833632799E-002
  2.907918657969821E-002
  7.432723486214254E-002
  5.141212867362432E-002
  4.853576601952558E-002
  1.291849791809963E-002
  5.959516714535151E-002
  5.624828209719579E-002
  6.001913148753668E-002
  3.156588872031163E-002
  6.716323184937323E-002
  3.625173670204784E-002
  2.632931956667628E-002
  3.716932530835593E-002
  5.314498448357152E-002
 -0.303798909267056     
  0.157276328374849     
  2.683341950311435E-002
  7.958467641605438E-002
  7.462800584707474E-002
  6.690885082714193E-002
  5.824757938133540E-002
  1.968865245586215E-002
  6.192545209060074E-002
  5.358875668636875E-002
  5.647529745335134E-002
  1.825009873228733E-002
  5.720491401892325E-002
  5.987111067575435E-002
  6.429542304882641E-002
  1.725833993665926E-002
  5.249891439114196E-002
  6.214086191805368E-002
  3.474366568878740E-002
  3.052935933880163E-002
  2.658838202615155E-002
 -0.295536151173989     
  0.159430256419272     
  2.164316115402265E-002
  9.339953765815068E-002
  5.477317661478021E-002
  5.373424931631954E-002
  7.657450668840249E-002
  1.138970255138405E-002
  6.328506188238414E-002
  4.308248837636042E-002
  6.770572651775886E-002
  2.262725755556572E-002
  6.709359524887415E-002
  4.890532279905213E-002
  8.993915663890961E-002
  3.181702640388417E-002
  5.426491966767377E-002
  2.996250453487559E-002
  4.060696843184530E-002
  3.584201319636093E-002
  4.717144617358837E-002
 -0.283574283613045     
  0.149977766737416     
  4.882697173453066E-002
  9.306575455603916E-002
  6.666328611316674E-002
  8.334424333728452E-002
  6.028356721498107E-002
  1.986974528800456E-002
  6.608085822181409E-002
  6.600385512722451E-002
  6.600305292246145E-002
  1.771438588732366E-002
  4.744244023990152E-002
  6.389563025612410E-002
  5.498658478610186E-002
  3.613797004682251E-002
  6.233333929914819E-002
  4.222931473651836E-002
  3.275104666638340E-002
  5.633294799084898E-002
  1.751983487539011E-002
 -0.196442267571713     
  0.162541141402598     
  1.294112363461331E-004
  0.104709074447253     
  7.570016903434795E-002
  3.530656864592518E-002
  6.508927204588588E-002
  2.469575423599490E-003
  7.938724394395569E-002
  6.322456564966183E-002
  4.406710132801428E-002
  2.293836241215930E-002
  6.001998162390043E-002
  7.029941016978514E-002
  5.554898908017358E-002
  5.511720162489375E-002
  6.120734153833840E-002
  6.262157040013128E-002
  3.744274839506190E-002
  5.580548339664215E-002
  4.898206025239282E-002
 -0.271952141529367     
  0.157472199097642     
  1.867845950493052E-002
  7.363895342024751E-002
  6.565040706744674E-002
  7.875280533872364E-002
  7.766172680176364E-002
  9.073448490113378E-004
  5.410669964548920E-002
  7.615212048713549E-002
  4.663528831279229E-002
  1.221819878004693E-002
  8.260569212092228E-002
  4.330809623892740E-002
  6.020649585656401E-002
  2.905331466818284E-002
  7.791903661639055E-002
  3.449845491404879E-002
  3.327828564112778E-002
  4.992658920891635E-002
  1.090853253834534E-002
 -0.146501981613120     
  0.165360762247313     
  1.608616671782626E-002
  0.102913711178264     
  6.762092150298349E-002
  7.304502563502469E-002
  4.976619322344111E-002
  8.824873778946696E-003
  5.482588768740004E-002
  6.150226862946706E-002
  7.165015454616486E-002
 -1.530853207567517E-004
  7.501742613710438E-002
  9.024440187865845E-002
  5.862842885944353E-002
  3.198118190638244E-002
  3.875637920328712E-002
  5.336228332109583E-002
  1.899760816638407E-002
  3.728208873695216E-002
  5.530749898698151E-002
 -0.356051215841164     
  0.154309855202044     
  1.013649381868920E-002
  7.984167830915467E-002
  4.519420390090523E-002
  5.506017770411153E-002
  5.778910901352696E-002
  4.344963064406437E-002
  6.122995247259733E-002
  7.742465939507881E-002
  6.609510979018984E-002
  2.002878375844341E-002
  6.890977409475574E-002
  6.616769767776598E-002
  6.726222080979261E-002
  5.022733588737260E-002
  5.763962422322666E-002
  6.137650516581172E-002
  3.214687121428250E-002
  1.775024069008746E-002
  4.517549036835722E-002
 -0.190557100776607     
  0.159822589450359     
  1.910316027557668E-002
  7.749051632404491E-002
  2.659754821602978E-002
  4.740182561544404E-002
  0.105297895776881     
  8.556095032068001E-003
  4.288388999351656E-002
  9.282918143379904E-002
  6.199352806105618E-002
  4.524589507995858E-002
  4.854145449651637E-002
  6.639493686958309E-002
  8.374708530689801E-002
  4.498547138810460E-002
  5.254462365519375E-002
  7.605995480685357E-002
  4.485020672173601E-003
  3.628140971675020E-002
  6.809477281533538E-002
 -0.205530063463362     
  0.153181123095833     
  2.645139717483458E-002
  9.532238706277774E-002
  6.972561338079386E-002
  5.494392124138003E-002
  6.244121110776513E-002
  2.440951424078808E-002
  5.237099338756424E-002
  3.767664298273454E-002
  6.905085661797450E-002
  1.109471146458718E-002
  6.118696281705338E-002
  5.726607853912791E-002
  5.790634451118071E-002
  5.835364669910348E-002
  6.581078252288197E-002
  6.656838978401913E-002
  1.721191290193413E-002
  3.290184532536145E-002
  3.975853028190046E-002
 -0.288551191383632     
  0.150675305283064     
 -0.144341739888393     
 -0.289485961309282     
  4.788830051201720E-002
  3.897335211469011E-002
  4.681694043074325E-002
 -7.691905530854104E-002
  5.455634588718306E-002
  4.789136190428378E-002
  5.866563221724130E-002
 -0.129984302793664     
  4.754817001210832E-002
  5.755781999707599E-002
  3.455209844304719E-002
 -0.464374809361834     
  2.179445888680132E-003
  3.080728215200934E-002
 -0.104803769597807     
  4.959156767461270E-002
  1.818724696647578E-002
 -0.277545156991850     
  0.153588661813238     
  2.874869794986612E-002
  7.982833152589297E-002
  6.929879207399758E-002
  6.541854468530373E-002
  6.972502074054543E-002
 -2.736805369267792E-003
  5.646537487011338E-002
  7.959602437736890E-002
  5.555818424740799E-002
  3.189806236432791E-002
  5.061622177167169E-002
  6.075893470441907E-002
  6.449128495039802E-002
  5.953161139299867E-002
  5.177291357802971E-002
  4.242716503982513E-002
  5.981679183021216E-002
  4.443331755399071E-002
  2.726832908716537E-002
 -0.179138348604694     
  0.156039670369961     
  3.434123972138270E-002
  9.336714261412116E-002
  8.135250657574356E-002
  4.470822474805802E-002
  6.360269383753869E-002
  2.153759158696245E-002
  7.882250771096144E-002
  4.630478779631653E-002
  7.723430739682580E-002
 -2.813915528231625E-003
  5.540271775761763E-002
  4.981228923876591E-002
  7.467572835273839E-002
  2.881229597989199E-002
  5.220922084011603E-002
  6.397992777625572E-002
  2.424588754275891E-002
  5.802777242706170E-002
  3.191196577545974E-002
 -0.310715691027635     
  0.147657453578038     
  2.172229766583778E-002
  9.389778894703582E-002
  5.377337706241692E-002
  5.423200056638411E-002
  7.224156690400307E-002
  2.579560700534511E-002
  7.982387944624447E-002
  5.648199559335532E-002
  5.986303169058294E-002
  2.429867627171500E-002
  8.969789040371645E-002
  3.725917931600864E-002
  6.005988088873038E-002
  4.388671023452062E-002
  6.665629986144572E-002
  5.245781275963568E-002
 -7.192985425774623E-005
  2.265384295506578E-002
  5.533716973462988E-002
 -0.319206901861643     
  0.153739485627713     
  6.227956590310058E-003
  8.176303907310878E-002
  5.995210013338192E-002
  6.402219655001373E-002
  6.112294902794868E-002
  6.444432175884973E-003
  6.259218454122217E-002
  6.888504250039718E-002
  4.650891196339790E-002
  1.613289996983625E-003
  5.502374678253663E-002
  5.880434069039953E-002
  6.982286882378597E-002
  2.970528967568375E-002
  5.138715491301260E-002
  5.715518172976342E-002
  5.671526037553942E-002
  1.379826138776974E-002
  8.205976343040400E-002
 -0.348330127230681     
  0.154238021983587     
  1.155999087102000E-002
  8.541105826698026E-002
  5.670414558445369E-002
  7.279155968817941E-002
  5.834148659588079E-002
  8.293231922595456E-003
  6.475159480314685E-002
  7.119970982539559E-002
  5.940575110069357E-002
  5.599690736004082E-003
  6.610018727733258E-002
  6.763034744338137E-002
  3.884522408362900E-002
  5.195275331984162E-002
  3.917190789324754E-002
  5.428939444422820E-002
  4.799145510545966E-002
  2.062236229040104E-002
  3.447943713631718E-002
 -0.308810819068461     
  0.158480791003730     
  2.834983140888792E-002
  0.105397863561852     
  5.389470475448266E-002
  6.186164049545895E-002
  7.110324260674850E-002
  2.137167111268523E-002
  8.192148834035229E-002
  3.375737114962307E-002
  5.600750984463521E-002
  2.766716286163984E-002
  6.874952294077952E-002
  4.799624590568285E-002
  7.145042203606344E-002
  8.439295083030096E-003
  4.418304560170805E-002
  6.439924847176337E-002
  2.639021354944271E-002
  4.531534823476080E-002
  5.542426316079152E-002
 -0.166106770309484     
  0.150680709928639     
  3.765265482821256E-002
  9.319173599441122E-002
  8.104823155766594E-002
  3.400108622778331E-002
  6.989844802744649E-002
  3.074325518864196E-002
  5.569778403800529E-002
  6.382604292075755E-002
  6.500673569334592E-002
  3.401680647431160E-002
  7.906014955456198E-002
  4.456565700704529E-002
  6.011180885075240E-002
  3.032835364842335E-002
  4.955729790195473E-002
  6.324900909581033E-002
  4.126167875871900E-002
  5.054429294460994E-002
  4.109749239741489E-002
 -0.188839038874295     
  0.160703231111839     
  2.841873409232365E-002
  8.733142173038910E-002
  6.331208718254577E-002
  5.309329331431711E-002
  6.833284660201477E-002
  2.702819012995272E-002
  5.751027839619260E-002
  7.407038575946678E-002
  6.766042487508339E-002
  2.821183454738696E-002
  6.591263936649916E-002
  4.939494237848618E-002
  4.790472813611502E-002
  3.058077974411288E-002
  5.053791824650034E-002
  6.941418158645263E-002
  1.578307845598648E-002
  2.974201520882980E-002
  1.996691145675589E-002
 -0.252311224703363     
  0.167554908070229     
  3.547346378339666E-002
  9.260252535276692E-002
  7.782494069328771E-002
  6.647036740560441E-002
  5.641083717957029E-002
  2.419983492521460E-002
  6.968503500712264E-002
  5.440262638361948E-002
  5.926768810181104E-002
  3.268856432017397E-002
  6.458759631215227E-002
  4.540324637592752E-002
  7.109831447442716E-002
  6.512747618751646E-003
  5.055320320305234E-002
  4.299230035908397E-002
  4.364289762274076E-002
  5.545841569119525E-002
  3.230976146817355E-002
 -0.164960864391331     
  0.154015247436509     
  3.346623709807384E-002
  8.207698430644061E-002
  6.415572270198466E-002
  6.241710492597763E-002
  7.565408673743268E-002
  2.604915009700548E-002
  6.611729288285639E-002
  7.496834729377555E-002
  6.478306744887075E-002
  1.512127142976283E-002
  7.883347106977956E-002
  7.539690212510397E-002
  3.629370192846926E-002
 -1.933295232925403E-004
  6.196082019094495E-002
  2.229031391881198E-002
  2.977837665615812E-002
  3.980745011801479E-002
  4.132700403096978E-002
 -0.283737163563196     
  0.163408274769569     
  9.127479179650066E-003
  9.063421553221040E-002
  7.660904729629892E-002
  7.075554945052553E-002
  4.036991296618053E-002
  2.152144260789646E-002
  6.349422325135812E-002
  5.530173689967377E-002
  6.709711595903911E-002
  3.886551876066102E-002
  6.303950435440464E-002
  6.516403885121702E-002
  7.614149689642202E-002
  6.249307246973368E-002
  4.653679086795171E-002
  7.878905720299956E-002
 -4.663537944346707E-003
  1.647101873300461E-002
  5.514219085219751E-002
 -0.314257219558549     
  0.147796294063488     
  3.103853821686364E-002
  9.558670861387419E-002
  5.793210865012377E-002
  7.066798179236844E-002
  7.002743622631458E-002
  1.614547311702008E-002
  6.780497626401982E-002
  4.439649649867228E-002
  5.941063419937820E-002
  3.911837787347805E-002
  8.903953916971052E-002
  5.399541347819725E-002
  4.525513995261421E-002
  4.416942081880793E-002
  5.940140553848194E-002
  3.972126678592047E-002
  4.128946399710021E-002
  3.770746124077073E-002
  2.638108048190924E-002
 -0.279516066201400     
  0.172089094630315     
  3.668502818440800E-002
  0.103712417896318     
  6.197171072468965E-002
  6.354710493793214E-002
  6.344012911577190E-002
  1.726392464052529E-002
  8.055290313169183E-002
  6.281440390562498E-002
  5.335234396204314E-002
  3.048940092069685E-003
  7.637752282439503E-002
  4.639591021869849E-002
  5.676210051836439E-002
  2.985897337258647E-002
  5.446156103901711E-002
  5.047220993805224E-002
  4.301539595182824E-002
  5.291781905300819E-002
  3.678329370104105E-002
 -0.176988367403389     
  0.153607790259101     
  1.760571919811715E-002
  7.206370307020205E-002
  6.664957493889978E-002
  7.301254494894638E-002
  4.823372978927287E-002
 -2.044945357200234E-004
  6.952685831998384E-002
  7.468548714893053E-002
  8.016255003335748E-002
  1.828062745671133E-002
  7.589520638447678E-002
  5.573089417788546E-002
  5.231560058926432E-002
  4.501774034774142E-002
  4.495737718820259E-002
  7.742023209835358E-002
 -4.202952663599824E-003
  4.650642155649132E-002
  4.713807571508466E-002
 -0.313106574615597     
  0.159366179289877     
  1.159098944061432E-002
  9.880246002217863E-002
  5.744875409404460E-002
  6.824645759334036E-002
  6.728261414293846E-002
  1.797596716331729E-002
  7.132353255995105E-002
  5.995074564543867E-002
  6.577443174112529E-002
  2.226038365508964E-002
  6.018374273581062E-002
  6.602085114517531E-002
  5.777550509335572E-002
  2.025125474320744E-002
  6.509113978688197E-002
  5.280812324747886E-002
  3.981388066403158E-002
  3.716152978121479E-002
  2.744646269021822E-002
 -0.319239594830833     
  0.153969400490882     
  1.852576233839498E-002
  7.768403364381093E-002
  5.800007737769597E-002
  6.181139073587538E-002
  5.695354649900375E-002
  7.180776470360906E-002
  7.303510807745428E-002
  6.981976910553289E-002
  7.108478696080522E-002
  1.900187110207074E-002
  6.245362949316413E-002
  7.536379430285689E-002
  5.134840148375630E-002
  2.026874172311688E-002
  3.776133680626748E-002
  5.608055751627339E-002
  2.148175860213541E-002
  3.885394546317456E-002
  3.759135715079009E-002
 -0.334013373992651     
  0.162256849101626     
  2.615903267260578E-002
  8.330900229774585E-002
  7.648914580999333E-002
  3.590329966534256E-002
  8.037756647519456E-002
  2.218752381614530E-002
  6.068462552602960E-002
  6.240602188897926E-002
  6.061562426524403E-002
  2.189454151513193E-002
  6.889832048221434E-002
  3.610582476348245E-002
  7.282221418893697E-002
  7.084683560053762E-003
  3.907345494902492E-002
  3.417510432528614E-002
  5.801738979828563E-002
  5.779663660389545E-002
  5.606700838035783E-002
 -0.260008611959080     
  0.172165305198996     
 -1.176332946988268E-003
  7.574643213032139E-002
  6.138894254887395E-002
  5.818557124687496E-002
  7.600019799254509E-002
  1.855658630847623E-002
  5.357369806554757E-002
  5.896365940364590E-002
  6.483168504732484E-002
  1.962339744384867E-003
  7.343397951537578E-002
  5.933695133819405E-002
  6.449833801586025E-002
  2.470508935105942E-002
  4.725356885218623E-002
  4.855777993734045E-002
  3.762991605630717E-002
  3.330116179295628E-002
  5.208221995990614E-002
 -0.245421550338125     
  0.180385771759523     
  4.064989407576380E-002
  9.328654487111088E-002
  7.933187602047997E-002
  7.344426499182088E-002
  5.481299931961958E-002
  2.017149315369338E-002
  6.519624519299283E-002
  6.552721108480641E-002
  4.907207811898262E-002
  4.409422540651375E-002
  7.835995953326524E-002
  7.940383343171453E-002
  3.585017282052450E-002
 -1.568020700143880E-002
  5.698750924375440E-002
  5.843717411585625E-002
  2.976097427212743E-002
  3.477631530518888E-002
  3.660454071508745E-002
 -0.360740399599727     
  0.161383166542674     
  2.940589567038776E-002
  9.573722535782458E-002
  7.367060910827217E-002
  4.513742458655490E-002
  5.981086019847404E-002
  1.926307718675124E-002
  5.600756130889584E-002
  6.677006798363516E-002
  6.678044025234842E-002
  1.790489787344240E-002
  5.722186087919856E-002
  6.290865602741058E-002
  6.193544789260952E-002
  4.326316025840082E-002
  6.976436946377862E-002
  3.262716078145256E-002
  3.759350578828480E-002
  4.032005355012269E-002
  5.519882600761439E-002
 -0.176706898900404     
  0.156275846808731     
  7.047146868868648E-003
  8.630771829802519E-002
  5.689151593264308E-002
  6.807727774805705E-002
  6.401782463364292E-002
  1.622115898842713E-002
  6.794530043110758E-002
  6.795698210097767E-002
  6.604794910306022E-002
  1.801625089824777E-002
  5.122711701583127E-002
  6.936757936458871E-002
  5.541641353550364E-002
  2.144554358059203E-002
  3.706248338823448E-002
  4.792343912113384E-002
  5.302101258828618E-002
 -6.461254315496712E-003
  1.720606010325643E-002
 -0.328259179452308     
  0.166277965827733     
  1.411259058754144E-002
  8.629721709039817E-002
  6.955313769749250E-002
  6.145246389110526E-002
  6.029766031924588E-002
  1.291628482928076E-002
  5.844350355057193E-002
  6.352507386033468E-002
  7.580937996228965E-002
  2.452449135044565E-002
  5.012759793644683E-002
  6.180232319502899E-002
  6.390208141304676E-002
  3.590070075532958E-002
  4.995806890985399E-002
  6.880367322762504E-002
  4.081103828850985E-002
  3.570580485919073E-002
  2.849940300438270E-002
 -0.230326295294265     
  0.157253376653720     
  2.185249912204146E-003
  7.845633857368650E-002
  5.172594145419174E-002
  7.022151975502156E-002
  6.287993091757482E-002
  4.255198812884675E-002
  6.594902784387802E-002
  5.484610500052567E-002
  8.178536967760341E-002
  2.001611199617237E-002
  8.171703002882147E-002
  4.643882045819780E-002
  7.018740408473911E-002
  2.643524557861809E-002
  3.847019097845827E-002
  4.900851140551654E-002
  3.073139974528516E-002
  4.834746864737494E-002
  6.792366575979358E-002
 -0.288254664215196     
  0.160248513789863     
  3.767177508565878E-002
  8.932976499396972E-002
  7.075980821969519E-002
  7.594718902364939E-002
  6.441472915218904E-002
  1.097976889625096E-002
  4.739526896929691E-002
  4.955273260512272E-002
  7.700326058632123E-002
  1.476438242808831E-002
  7.070364769640503E-002
  4.525441630375959E-002
  8.255839022173128E-002
  1.717760874177765E-002
  6.563102605971716E-002
  4.859029668922954E-002
  2.279890944192386E-002
  4.232287248376332E-002
  2.980063049605342E-002
 -0.283182291473397     
  0.151677913270652     
  3.227667046940796E-002
  8.413568755980094E-002
  7.410165905863852E-002
  6.102951285553193E-002
  6.163833121589402E-002
  3.344679822495378E-002
  6.005384892369658E-002
  7.042509767569594E-002
  6.561281509843464E-002
 -1.074600438425843E-002
  5.774895972715766E-002
  5.698563746019003E-002
  4.021135199283676E-002
  3.381220908272820E-002
  5.557452358806569E-002
  3.882122084128259E-002
  4.544782394684432E-002
  1.974994289861787E-002
  7.584004327254557E-002
 -0.329267969049966     
  0.164581818642276     
  3.151276660827129E-002
  9.608059864855001E-002
  6.980728869149821E-002
  6.699357657174809E-002
  6.811861933527608E-002
  6.561275080077422E-003
  8.544510218971102E-002
  4.696280226727467E-002
  5.882713417396113E-002
  2.802320359866162E-002
  6.261443403922529E-002
  4.875677869347206E-002
  6.472533667311653E-002
  2.239420890613797E-002
  5.529332017075361E-002
  4.520890943744948E-002
  3.617162471288582E-002
  2.012085376062267E-002
  6.041565508016677E-002
 -0.214412711627350     
  0.166916923910133     
  2.367527824116822E-002
  0.114140358217793     
  7.627437070061893E-002
  6.899533890770149E-002
  5.013639732607889E-002
  7.146869232739217E-003
  6.202944660767329E-002
  5.108770573298826E-002
  7.160666725233145E-002
  2.892175228662364E-002
  6.307675683563596E-002
  5.430724288286937E-002
  5.397745800805620E-002
  3.781943528349663E-002
  6.665601415743572E-002
  4.919393825345930E-002
  3.859444491435182E-002
  4.210711011911705E-002
  4.640447082502563E-002
 -0.309042429059919     
  0.154920626011146     
 -1.608244241326151E-002
  0.110565493323254     
  6.545964118137260E-002
  6.237579897357348E-002
  6.073853285578590E-002
  1.881238872343083E-002
  5.626276312997081E-002
  7.119956410334582E-002
  6.344002874792798E-002
  2.273316216713717E-002
  6.592670567884962E-002
  7.349409051183209E-002
  5.547871651193725E-002
  2.764112578064948E-002
  5.847429249688962E-002
  6.801977166855433E-002
 -4.189872870371758E-003
  5.859845051454604E-002
  2.864720059859671E-002
 -0.335309264909482     
  0.150434322453377     
  9.887266374675185E-003
  0.104709122723207     
  7.212010102620492E-002
  5.478915363129677E-002
  6.134749064636569E-002
  7.998856345354355E-003
  3.526395828685835E-002
  6.740565070888349E-002
  7.941811333995918E-002
  2.858999652899730E-002
  4.339844266636084E-002
  5.521488496753979E-002
  8.536254137689425E-002
  4.316238909761383E-002
  6.841176656892223E-002
  6.592667810866304E-002
  1.316762926150794E-003
  3.192847898587770E-002
  3.417867176529188E-002
 -0.337146319663137     
  0.155612530459023     
  3.009899858535325E-002
  0.101078269126481     
  6.169041837545453E-002
  7.548549006344796E-002
  4.023185737053014E-002
  3.662321978523764E-002
  6.930092649400454E-002
  4.835621576091853E-002
  6.592352371455901E-002
  2.844875437578676E-002
  5.915519902468136E-002
  7.424724488736056E-002
  4.473263345268252E-002
  4.838160989244011E-002
  6.924337629473409E-002
  7.408993918042950E-002
 -2.025387117372546E-003
  2.617525369514073E-002
  2.439099310945703E-002
 -0.345329077868400     
  0.147972251291911     
  9.849568790244678E-003
  0.116309344360261     
  8.574752263254137E-002
  4.537234629922826E-002
  6.729952950120599E-002
  2.728415419611796E-002
  7.175217525906008E-002
  6.191784281622159E-002
  5.695115185466992E-002
  1.835229044045139E-002
  6.711229915800632E-002
  6.141315220939991E-002
  6.574953460403044E-002
  4.835417779303341E-002
  5.409568434871781E-002
  6.672413967135848E-002
  3.159438732041187E-002
  2.829131036266752E-002
  5.432237581184218E-002
 -0.213405654220247     
  0.149298242218670     
  4.552670987600616E-002
  9.965991899954219E-002
  6.622481083783172E-002
  7.451790031464234E-002
  6.686424649335398E-002
  6.460742647150131E-003
  5.550661969412929E-002
  5.004963756647374E-002
  7.707856210457653E-002
  1.432824225996354E-002
  6.528148744168683E-002
  4.568284278541368E-002
  5.006107153728623E-002
  4.564086668296996E-002
  5.885972474404388E-002
  4.790379809575407E-002
  5.471728053604830E-002
  5.013817325784908E-002
  4.307398898019865E-002
 -0.186962961474354     
  0.165736047965260     
  4.610319201265289E-002
  0.107127679341881     
  9.963108414851540E-002
  7.266089321899394E-002
  3.518885367592750E-002
 -1.523937258962604E-005
  8.065663124833167E-002
  5.073999025431486E-002
  4.317850344025087E-002
  3.750978538563254E-002
  8.237775562206406E-002
  4.618053644561337E-002
  5.470308182200467E-002
  3.449974966475144E-002
  4.811074418827932E-002
  5.555437796260310E-002
  4.566655632302608E-002
  2.967110038535115E-002
  4.883388135965860E-002
 -0.191808928162983     
  0.155046230433986     
  3.286311024813093E-002
  0.104830917956356     
  3.271550676722756E-002
  8.113063232854223E-002
  6.739017659437274E-002
  3.498625599661676E-002
  5.466477591980068E-002
  8.640699465063018E-002
  3.933808138259165E-002
  2.044105311085254E-002
  7.169193127037188E-002
  6.178833705736697E-002
  5.391068676518751E-002
  8.585946299449532E-003
  5.179071851525219E-002
  5.747792029463128E-002
  1.545300431559093E-002
  5.497815918386817E-002
 -4.462959656910126E-004
 -0.347882278713511     
  0.159226713261014     
  8.899650731049924E-003
  9.009548910749121E-002
  6.528968471089824E-002
  7.801552820571045E-002
  4.410256771670606E-002
  3.942236978242208E-002
  4.839115483008116E-002
  6.997692207247930E-002
  6.949122141258268E-002
  2.539961454142148E-002
  7.245153859743159E-002
  5.548023342798569E-002
  5.897404340181411E-002
  6.534042468196999E-002
  5.825904427444673E-002
  6.595402463929134E-002
  4.005798215606848E-002
  2.826412809593226E-002
  4.077031998860614E-002
 -0.212563009118425     
  0.152984782350112     
  2.268060835117014E-002
  7.019649584744947E-002
  4.903299310636355E-002
  5.131451265486897E-002
  8.319216948662933E-002
  2.534414573189858E-002
  9.041870603688140E-002
  5.815748966864720E-002
  3.044071626599465E-002
  6.720471191306920E-003
  6.182164501573784E-002
  5.279449198912667E-002
  6.913960789440077E-002
  2.106982316306594E-002
  3.624270165104659E-002
  6.184891576442841E-002
  4.222067703337196E-002
  4.292243011025765E-002
  5.812778360385040E-002
 -0.212511213141857     
  0.169690952897206     
  2.631343451577850E-002
  0.123592168574611     
  5.214589056648988E-002
  8.718486590414209E-002
  4.434357338942707E-002
  2.665705150470155E-002
  5.834460515999607E-002
  6.680104109561424E-002
  5.938649771050064E-002
  2.018188154423495E-002
  6.674725456428821E-002
  4.933170556085764E-002
  6.050154688411302E-002
  5.720150603482654E-002
  5.769268653516146E-002
  4.861629916315058E-002
  2.903507824357021E-002
  3.248797588505203E-002
  4.019798938200303E-002
 -0.332886930819148     
  0.154119181999617     
  4.735937005903690E-003
  8.110564306679269E-002
  6.773636017002505E-002
  5.325410436304556E-002
  6.099946679501722E-002
  2.437552583744518E-002
  8.764840816107389E-002
  4.995431740128387E-002
  5.920342125792433E-002
  2.440218889426804E-002
  7.541067149406677E-002
  4.842462725242214E-002
  5.390325479461566E-002
  2.685107511974705E-002
  4.597479369472790E-002
  5.427634580957752E-002
  3.656066381677858E-002
  5.654728542619547E-002
  6.105834130273391E-002
 -0.257630701145713     
  0.183075918021004     
 -0.364216545787507     
 -0.294934817661740     
  3.925464217005936E-002
  2.557713217113766E-002
  2.437569558982711E-002
 -5.402794115754794E-002
  3.345212963295496E-002
  3.461786722608662E-002
  6.594369632322716E-002
 -8.305128744937651E-002
  5.824196790479974E-002
  6.503599085709000E-002
  4.604776674345490E-002
 -0.453024227844583     
  4.423561136197929E-002
  3.656402856105090E-002
 -0.103769035107757     
  3.239749579177409E-002
  7.898112288793335E-003
 -0.273663003434875     
  0.167255103789039     
  3.536446576454555E-002
  7.937178345721208E-002
  5.852841150163868E-002
  7.217271567578265E-002
  7.739116135919555E-002
 -1.183160024646401E-002
  4.750288634261135E-002
  6.024870193494591E-002
  7.786837134372360E-002
  1.845700788505100E-002
  5.623344159918786E-002
  6.184209389798045E-002
  6.798585429895498E-002
  4.801291157042531E-002
  4.805884405832916E-002
  7.355915656786927E-002
  1.545161865808309E-002
  6.164494412596366E-003
  6.655409888495656E-002
 -0.297354985266558     
  0.162102324550365     
  2.050226476680450E-002
  9.488339945329294E-002
  5.810078353815729E-002
  4.593365583543718E-002
  7.177558641938508E-002
  2.647581681516753E-002
  6.442101675261080E-002
  3.939227000560963E-002
  6.424975829789792E-002
  3.136334306661537E-002
  6.992877152779120E-002
  5.767584105100088E-002
  5.433482139554635E-002
  2.792178381758115E-002
  4.153996394510096E-002
  6.396700511854270E-002
  3.757665170937496E-002
  2.424651689795654E-002
  6.474757338766501E-002
 -0.130328724042780     
  0.155637637293301     
  2.540276278199283E-002
  7.704393432981060E-002
  5.414125670407632E-002
  7.786406788339251E-002
  5.767840552373749E-002
  2.790141466281915E-002
  6.687000834720880E-002
  7.131615590736518E-002
  5.567636711904200E-002
  4.653684356585419E-003
  4.953503399798231E-002
  5.338315742903754E-002
  7.020794025220600E-002
  5.931281265712940E-002
  7.501264650923722E-002
  4.676092967618939E-002
  2.000532085575912E-002
  3.845143664710104E-002
  5.142913340325062E-002
 -0.347925672525975     
  0.153112586349534     
  1.396366678082561E-002
  0.101083306977466     
  5.950142464461516E-002
  4.736375725591568E-002
  6.887819947200435E-002
  4.244530507001709E-002
  6.906355298099165E-002
  6.053323709549074E-002
  6.798467422354382E-002
  4.625707552129121E-002
  5.828974178254309E-002
  8.080207122120564E-002
  6.775185764782221E-002
  2.675579794033922E-002
  5.802380029563048E-002
  4.874965179316160E-002
  3.515554048037339E-002
  4.109920461360506E-002
  4.222756843364950E-002
 -0.199268464509808     
  0.158051913648759     
  2.000214816656776E-002
  9.792173120106984E-002
  7.905848320554898E-002
  5.974886106724941E-002
  5.142002865853101E-002
  2.064271451200828E-002
  5.949120395286911E-002
  6.090699102396235E-002
  6.258206928162691E-002
  2.304884645319705E-002
  6.163151207550088E-002
  6.894506832988034E-002
  5.891981824620063E-002
  3.220505355902370E-002
  6.151277399962674E-002
  6.824062681658072E-002
  3.458804182863151E-002
  4.920434668288753E-002
  2.842559094177777E-002
 -0.249537367468655     
  0.160384332433421     
  2.342421431838337E-002
  9.009392079142664E-002
  8.631078484825094E-002
  5.947253703094768E-002
  5.097372055632343E-002
  1.917438432485818E-002
  4.399988386178577E-002
  6.712498253731092E-002
  6.933641385138312E-002
  1.495405384944215E-002
  8.423697304583178E-002
  7.605847273879240E-002
  5.448135059147985E-002
  3.862774293006321E-002
  5.104137472392134E-002
  4.123246527286140E-002
  5.820089225847536E-002
  4.674353073245008E-002
  4.458892742084186E-002
 -0.209266293721003     
  0.172714523770154     
  3.267983869791813E-002
  8.821683047629314E-002
  7.190456452451899E-002
  4.843316562860656E-002
  8.400801513249145E-002
  1.722368459784951E-002
  7.534150664936479E-002
  1.987705915300098E-002
  8.287290138232817E-002
  7.339720934504967E-004
  5.656987219518594E-002
  6.754990660067584E-002
  6.064486341344089E-002
  5.310546543640182E-002
  7.073009619943260E-002
  5.955719232585699E-002
  3.130926396204048E-002
  5.778323563206711E-002
  3.480088971545270E-002
 -0.185816094733233     
  0.145894198159662     
  7.141234378151395E-003
  0.104257253528949     
  6.213207177613234E-002
  6.644538050183757E-002
  4.549808550835777E-002
  1.534822221922738E-002
  7.523061822539379E-002
  5.499441204150168E-002
  6.080891876722694E-002
  3.232470340896976E-002
  7.142199339835520E-002
  5.725233522262096E-002
  6.742094601136939E-002
  1.817492170721913E-002
  4.740569226761804E-002
  5.356879117632241E-002
  1.775047993895607E-002
  3.054545891082983E-002
  6.516120163562200E-002
 -0.291194704413835     
  0.147581049913185     
  3.212939230484935E-002
  9.880667784257202E-002
  7.909645358658823E-002
  5.254535196456966E-002
  6.676596085022768E-002
  3.422860643756742E-003
  6.582721040366979E-002
  5.418421780180704E-002
  6.019199291478405E-002
  4.126240825423722E-002
  6.600044589294773E-002
  7.710400932720363E-002
  6.732411223784462E-002
  3.754212861699813E-002
  6.431672719638826E-002
  4.521191210625797E-002
  2.319456576373335E-002
  4.221680955172880E-002
  3.722429472991662E-002
 -0.286687930928646     
  0.148383001947952     
  6.387780578651636E-003
  0.102748745518577     
  7.800947674857339E-002
  4.058041792907496E-002
  5.935411882015906E-002
  7.313534090318985E-003
  7.110310268486841E-002
  5.655096018566952E-002
  7.015382861469521E-002
  1.492648731308099E-002
  5.562412362532121E-002
  7.601132581569126E-002
  6.655543713678258E-002
  5.188564160908138E-002
  5.431082939122167E-002
  2.373494641302498E-002
  5.104197859644355E-002
 -8.644576682581562E-004
  5.038657997096696E-002
 -0.310423469978715     
  0.157766693579178     
  1.224082700055584E-002
  7.921109395524795E-002
  4.277993905108346E-002
  7.325193023780607E-002
  4.459438442452457E-002
  2.364021130757088E-002
  6.709472026483709E-002
  6.292508039174605E-002
  6.130135351767929E-002
  2.392685219718205E-002
  7.382004302864609E-002
  5.973068425345851E-002
  5.307508839666475E-002
  1.167656407017059E-002
  4.858377473402720E-002
  4.612504231205505E-002
  5.180299142661537E-002
  8.126344566546406E-002
  5.318540038865605E-002
 -0.338445355338869     
  0.154116585498677     
  1.708411895630935E-002
  8.814469338012110E-002
  7.225092458035665E-002
  5.201985465186254E-002
  6.417297781083231E-002
  1.465845595440518E-002
  4.424670216335480E-002
  6.778187635955180E-002
  7.767128094208842E-002
  1.315019931003203E-002
  4.783731924088208E-002
  3.956932233428168E-002
  7.523734829165574E-002
  3.681860716877150E-002
  6.885824783348304E-002
  3.668721648867523E-002
  2.187218074467090E-002
  4.273942647015638E-002
  5.019252171852129E-002
 -0.285264618360917     
  0.166198333353898     
  4.542497015810998E-002
  7.680535437569613E-002
  7.405999317057721E-002
  6.390734585095370E-002
  7.230099501634379E-002
  3.920787492804090E-002
  6.074317909223070E-002
  9.725998966206695E-002
  4.844539494110056E-002
 -3.640572834120448E-003
  8.091223213576249E-002
  5.574551246654436E-002
  4.806746979326904E-002
  2.768088782463130E-002
  6.318988406869575E-002
  3.292258543043414E-002
  4.985603629233371E-002
  6.500605673789284E-002
  4.943406757616420E-002
 -0.213289239500447     
  0.159223483955722     
  9.051696384807073E-003
  7.320284745511341E-002
  6.998513283541086E-002
  5.328582816798233E-002
  5.967700485462579E-002
  1.535350490123077E-002
  5.359325007604199E-002
  6.757271548765464E-002
  6.994693066472746E-002
  1.164100958961800E-002
  7.493420491126201E-002
  5.271556914867115E-002
  6.930058166931574E-002
  5.943111871352480E-002
  4.854704610927640E-002
  7.524984330203310E-002
  4.951367199306667E-003
  5.510925387766819E-002
  1.847814016797744E-002
 -0.355267015393424     
  0.157023050568316     
  2.650553579870385E-002
  0.102348952377739     
  6.549176172396642E-002
  6.127824115325242E-002
  5.107968715050082E-002
  2.218886820491717E-002
  5.139538219987094E-002
  5.668844882216073E-002
  7.173770479587049E-002
  6.060905798110916E-003
  6.652743960585206E-002
  6.607310091534813E-002
  4.794814845694961E-002
  5.867091603018748E-002
  4.784219004213797E-002
  5.742681630808966E-002
  3.248650767679173E-002
  5.177513602631301E-002
  4.234686541729016E-002
 -0.293249362004279     
  0.151071398230860     
  3.263303087541525E-002
  9.300899876454150E-002
  6.922079906245115E-002
  5.137526034658579E-002
  7.003302145354484E-002
  2.028836389696531E-002
  4.670879748842627E-002
  8.010434576339120E-002
  5.459539131566549E-002
  3.206188806093691E-002
  7.387028233093029E-002
  6.719887000997804E-002
  6.485324830551387E-002
  3.235718080765038E-002
  3.498968013073900E-002
  6.973155959485511E-002
  2.135817185824029E-002
  2.866689886180740E-002
  4.609077686217944E-002
 -0.311339298114106     
  0.158204762261622     
  1.905688383881587E-002
  9.292868810491939E-002
  6.458940726782469E-002
  7.026110525838380E-002
  6.257326313722744E-002
  2.454471779252154E-002
  7.057436149172736E-002
  6.326781264634973E-002
  5.745432610765067E-002
  1.530244650962143E-002
  6.684158562354781E-002
  7.120314898709290E-002
  4.102609179343708E-002
  3.583166167473362E-002
  6.015309833535620E-002
  4.431100378222674E-002
  1.637939058824722E-002
  3.862450510230597E-002
  4.115709210419149E-002
 -0.329950078198015     
  0.152119897022800     
  4.550499593536328E-002
  8.852528799608983E-002
  7.036128272552811E-002
  8.217668439720960E-002
  7.211595322359543E-002
  9.258823910455849E-003
  4.362149595287479E-002
  5.051543366463684E-002
  6.537587673768008E-002
  1.896543530831662E-002
  6.239813869764177E-002
  5.550380312060443E-002
  6.549749783032965E-002
  3.413463259402549E-002
  5.602840360514605E-002
  4.638124443079161E-002
  8.514941855223501E-003
  5.910884719133158E-002
  3.851241403022942E-002
 -0.278661577028988     
  0.164290594810499     
  3.586813922151233E-002
  7.013330007795648E-002
  6.832893512915861E-002
  7.915493704136245E-002
  4.799483822176298E-002
  1.649783184193154E-002
  6.201211598472500E-002
  8.655945679325794E-002
  3.855659039847736E-002
  4.214648259928877E-002
  7.942492511658306E-002
  5.118744515527718E-002
  5.779299387340797E-002
  4.226270889037576E-002
  4.690022459191323E-002
  7.105870677606307E-002
  2.573584503018678E-002
  1.461685845616079E-002
  3.094582279064573E-002
 -0.320440004801193     
  0.152451447807245     
  3.250170765020188E-002
  8.988250441451484E-002
  6.250321183266638E-002
  6.524591790743361E-002
  5.599934358056091E-002
  1.502018644952496E-002
  7.162318482061270E-002
  6.513749232948818E-002
  3.580918764388863E-002
 -1.794243056894018E-004
  6.162574990064096E-002
  6.121511279739256E-002
  7.876903239287525E-002
  5.647957740255505E-002
  6.669175375223946E-002
  6.882690382854206E-002
  2.596520879468445E-002
  1.742633363206447E-002
  7.146804071989543E-002
 -0.345210535432710     
  0.156750320975518     
  6.184530863094562E-003
  9.138999681879501E-002
  6.063354353419115E-002
  5.475332012029188E-002
  6.809611309663899E-002
  1.022391765425201E-002
  5.909028997696264E-002
  4.648981028448096E-002
  7.638938844925058E-002
  3.542423574249387E-002
  7.590089527931532E-002
  3.530744432191335E-002
  6.580742013525875E-002
  5.621810430936058E-002
  3.804165747936661E-002
  7.278400958963838E-002
  1.545728416262371E-002
  4.247430225551507E-002
  2.636779097755659E-002
 -0.315020420983161     
  0.152551400426598     
  3.701001279831573E-002
  0.111521825977533     
  7.714818971270643E-002
  7.291407946120310E-002
  5.995121816035998E-002
 -7.899601031071235E-003
  5.285180621721597E-002
  5.527532359779497E-002
  7.894347733715812E-002
  1.624049778674852E-002
  6.071882710716825E-002
  5.226543305309794E-002
  4.778837353624776E-002
  2.946005531082996E-002
  4.147095221766706E-002
  6.034567470199981E-002
  4.690562837321055E-002
  6.387527648557079E-002
  4.970755195384380E-002
 -0.215853323788493     
  0.165804500847432     
  3.814826309599484E-002
  8.752999792013316E-002
  8.002256985053180E-002
  4.986247061664140E-002
  6.038369871137528E-002
  2.976661827150417E-002
  5.345688791779746E-002
  7.095373168014374E-002
  5.302682663045732E-002
  9.856045313363371E-003
  7.630575136124162E-002
  6.201303660482216E-002
  5.633116745138700E-002
  5.110652427946150E-002
  3.886975348660970E-002
  6.581915510714231E-002
  2.073359763556271E-002
  2.223962395690249E-002
  3.677706448020079E-002
 -0.330121430274778     
  0.144575827641775     
  8.464256651331326E-003
  6.299050965400443E-002
  8.066125649934164E-002
  3.866318230091947E-002
  4.454791670102254E-002
  4.952182740474420E-002
  7.778829329999359E-002
  6.130535966597472E-002
  6.829916661522628E-002
  2.134414713279753E-002
  6.975097227007976E-002
  7.252395552158719E-002
  7.083333651225510E-002
  2.470566368367333E-002
  6.175063321466234E-002
  5.663265972912235E-002
  6.248870358329528E-002
 -1.630791498310913E-003
  3.716272839274948E-002
 -0.167526315458646     
  0.178522112494261     
