 -0.166162723914703     
  0.186753664393753     
 -0.474503881043089     
 -0.474543256866578     
  3.657308123279945E-002
  8.475104919708043E-003
  3.385447317322554E-002
 -0.147006766902432     
  0.226366812929701     
 -0.352488951519515     
 -0.369335585281799     
  3.608344908482852E-002
  2.587523863944619E-002
  3.352469498258648E-002
 -0.145590229183153     
  0.154340531071834     
 -0.463401009472082     
 -0.484527022638713     
  2.638753465188659E-002
  3.776875331404861E-002
  2.752632580224001E-002
 -0.180083870131838     
  0.175073295873224     
 -0.481971144635017     
 -0.560628685607353     
  2.436837360304001E-002
  2.051005771342518E-002
  1.524435554590819E-002
 -0.160419404646788     
  0.154096408532818     
 -0.597101022970361     
 -0.481099553335844     
  3.337827615698619E-002
  4.786085763973857E-002
  3.363960472356864E-002
 -0.150763781334245     
  0.122817803675912     
 -0.534277096499550     
 -0.518955173192593     
  5.153304654799740E-002
  3.305863026602385E-002
  3.369950501128172E-002
 -0.146399988693746     
  0.153656100936050     
 -0.405834564184799     
 -0.515274515449663     
  4.967696913991826E-002
  3.018655369383816E-002
  3.562564501190812E-002
 -0.169337770154806     
  0.229417070295549     
 -0.382913779049680     
 -0.379286842724077     
  3.263421503641828E-002
  3.788617417819695E-002
  2.379012542288883E-002
 -0.156569664381939     
  0.160419089960624     
 -0.520896325946637     
 -0.523005770813540     
  2.520556918725103E-002
  2.543224361638152E-002
  3.523095474053861E-002
 -0.191215720849687     
  0.165887177350008     
 -0.486690723626738     
 -0.552809081162990     
  6.006336369937193E-003
  3.342274361118136E-002
  2.987272871250013E-002
 -0.164350831727901     
  0.154004051206493     
 -0.517593709966426     
 -0.527886280823113     
  3.215378491711196E-002
  1.691734619127805E-002
  3.404220222458154E-002
 -0.131948864843328     
  0.157023699718824     
 -0.500182106986130     
 -0.578596970983186     
  2.507764947140267E-002
  2.596067609377817E-002
  4.341460820400989E-002
 -0.156286074171202     
  0.152496956444742     
 -0.522381763200849     
 -0.450955177313522     
  1.723731783490012E-002
  3.485652331754685E-002
  3.833532077776303E-002
 -0.140509706986506     
  0.132395324801928     
 -0.236739292095518     
  0.268251256810033     
  4.187812429392379E-002
  3.081099823646172E-002
  3.900235968982246E-002
 -0.144460308872471     
  0.184060467571445     
 -0.446188788969226     
 -0.534178867054542     
  2.673558248718566E-002
  3.644703844738206E-002
  4.763445319388815E-002
 -0.167475145626924     
  0.195383198740055     
 -0.431751949630514     
 -0.421695916065898     
  2.792250929727269E-002
  4.524273686573232E-002
  2.511227755383127E-002
 -0.133257264522890     
  0.127578620849324     
 -0.577998131140247     
 -0.479173744585355     
  3.412748495899676E-002
  3.252044706119228E-002
  1.880894883905282E-002
 -0.157871229800512     
  0.149378838338941     
 -0.493255752523472     
 -0.549655140555918     
  2.327304414889630E-002
  2.255101583125685E-002
  2.101644690122717E-002
 -0.156356441599737     
  0.169659446809733     
 -0.532689426948346     
 -0.535244085479423     
  2.650857095681414E-002
  1.676274342387019E-002
  4.085013842583873E-002
 -0.160662005794159     
  0.151831260921047     
 -0.539626013419422     
 -0.538513848744600     
  2.951818361153491E-002
  2.628036209231388E-002
  4.088113412796712E-002
 -0.111704546076804     
  0.209560393567074     
 -0.384266614963415     
 -0.368701360380177     
  3.326461015220672E-002
  4.002536577499427E-002
  3.968324854937144E-002
 -0.145215014593967     
  0.162817469614528     
 -0.532726531983219     
 -0.417443172025727     
  3.922112237213526E-002
  4.421515817919353E-002
  3.605499552840463E-002
 -0.163801384197662     
  0.152727013459936     
 -0.496279432955808     
 -0.556986745966061     
  3.795988226392422E-002
  3.212929493728822E-002
  2.044305286784176E-002
 -0.136382469579290     
  0.152137924139460     
 -0.521039433764102     
 -0.562276705734068     
  4.392690387512110E-002
  2.894822674065389E-002
  3.471748847255474E-002
 -0.158242465251528     
  0.160978457055486     
 -0.420745337832074     
 -0.515089695408546     
  3.705474462846559E-002
  4.667235477942600E-002
  1.888989740416924E-002
 -0.151957458970331     
  0.180102287700437     
 -0.527464788778875     
 -0.344759658734708     
  2.736804906771306E-002
  2.573982584305345E-002
  3.586102511781009E-002
 -0.143973110231903     
  0.187477299566897     
 -0.416834626058572     
 -0.495501228129933     
  3.651361388122820E-002
  2.758635234384021E-002
  3.198078996593334E-002
 -0.177171821635842     
  0.173845519194872     
 -0.471783898437624     
 -0.577828288233652     
  1.961258671131316E-002
  3.049089961830798E-002
  2.554148496237096E-002
 -0.139431361566716     
  0.158500965319352     
 -0.477410121076761     
 -0.509147344082379     
  2.811786536658589E-002
  3.705321062159728E-002
  2.677774626218521E-002
 -0.155131444047445     
  0.205575265735273     
 -0.414132875664180     
 -0.408162189404175     
  1.886792953869187E-002
  4.036791105825410E-002
  4.953148724092926E-002
 -0.168095100233497     
  0.188471532793423     
 -0.465725058667269     
 -0.410849197233344     
  2.274804935362496E-002
  1.924795143635027E-002
  3.158546368293924E-002
 -0.159107234196288     
  0.139448852479127     
 -0.499474419307100     
 -0.536183572204737     
  1.923590660634855E-002
  2.061664267384600E-002
  2.500069367222968E-002
 -0.140944443845686     
  0.164302859293175     
 -0.530047961786679     
 -0.425658099473857     
  4.752996437284229E-002
  5.334109467471226E-002
  2.834748668853038E-002
 -0.164241731047796     
  0.168590121345490     
 -0.435348571693319     
 -0.468079024007711     
  2.439218798889098E-002
  4.120911235451508E-002
  3.010076537936301E-002
 -0.152022621957074     
  0.134263154302293     
 -0.501886814118364     
 -0.521913592496727     
  1.502859975529713E-002
  3.172177148321720E-002
  1.763103202316718E-002
 -0.123320316876505     
  0.189377228243724     
 -0.367712583087359     
 -0.428727159416422     
  5.504857578240518E-002
  2.404063225695674E-002
  4.086817595140402E-002
 -0.170919309283261     
  0.192168926832661     
 -0.505115385682277     
 -0.409462607953546     
  4.194760140012133E-002
  3.405396634385094E-002
  2.777884086028881E-002
 -0.133850284860809     
  0.160218608611961     
 -0.404431963830319     
 -0.549857275784855     
  3.564611294578868E-002
  2.702188772980241E-002
  2.666648476706779E-002
 -0.145651581883619     
  0.175372335676346     
 -0.482995680750726     
 -0.451534166205339     
  3.940123898229786E-002
  4.099554551782225E-002
  4.464260922096830E-002
 -0.170627205370624     
  0.144085076651954     
 -0.501478553067960     
 -0.519022369958200     
  3.215952541959932E-002
  3.060264417792280E-002
  3.712754406284557E-002
 -0.155887284257735     
  0.173281744466207     
 -0.417616051098769     
 -0.481289102580670     
  2.423081310962294E-002
  3.509212484829183E-002
  3.647027553010929E-002
 -0.122626900010485     
  0.158934512111184     
 -0.525243069681881     
 -0.585866546013811     
  3.351664814538824E-002
  3.589537458173486E-002
  3.775727640417870E-002
 -0.117756464664430     
  0.173947253432384     
 -0.503569304428859     
 -0.469130372461342     
  3.431531949205990E-002
  2.949930981521920E-002
  4.186307995857630E-002
 -0.160577583897397     
  0.169887987762028     
 -0.514287971360411     
 -0.468152004627031     
  1.705644939125395E-002
  2.842675190929123E-002
  4.382034513259847E-002
 -0.140233133426866     
  0.144730563673179     
 -0.532288554750653     
 -0.539822832870199     
  3.567664046340868E-002
  1.992337389289156E-002
  4.221743960581159E-002
 -0.158222728882898     
  0.170647265341967     
 -0.401440284505860     
 -0.508168101585101     
  3.650965846445309E-002
  2.997769878980350E-002
  3.629924264215822E-002
 -0.131129908219498     
  0.140016170901976     
 -0.449868029727625     
  1.502347943069893E-002
  3.395569031718559E-002
  1.466141757933381E-002
  2.976372851481679E-002
 -0.155187131044806     
  0.160202321036977     
 -0.545839942636449     
 -0.506810350289471     
  2.578099959102786E-002
  4.492697962774417E-002
  2.468383066195512E-002
 -0.145808145375915     
  0.172241966312021     
 -0.428954124225319     
 -0.510696661058827     
  3.926570275532659E-002
  2.783108660929756E-002
  3.993018859150621E-002
 -0.136641490089449     
  0.174703220758664     
 -0.514009655893758     
 -0.463638568262830     
  4.024308053178083E-002
  2.549168769589061E-002
  4.182497255285078E-002
 -0.159001657556232     
  0.167245680878841     
 -0.493416710556579     
 -0.434039241442741     
  2.519192776678747E-002
  3.640970072210625E-002
  3.283842804041315E-002
 -0.127735004294789     
  0.196711882455614     
 -0.432654343653576     
 -0.482211840023775     
  5.061787135703533E-002
  2.430140704799566E-002
  2.237277383792224E-002
 -0.133907478193477     
  0.172485497876057     
 -0.417061153585339     
 -0.460373892900079     
  4.038792637321975E-002
  3.544807099420888E-002
  2.966328731918610E-002
 -0.144158065785164     
  0.133583050538097     
 -0.498691910500910     
 -0.542235094163615     
  3.732956299400758E-002
  3.196654140131072E-002
  3.027056182759869E-002
 -0.142805648846829     
  0.144485383205160     
 -0.503252721085112     
 -0.547515705778001     
  1.744794736688593E-002
  2.025249090957015E-002
  3.398775540288712E-002
 -0.148147070297378     
  0.132205438999716     
 -0.510735530497246     
 -0.531153594706900     
  2.916819013777350E-002
  3.611830954796202E-002
  1.809864256340665E-002
 -0.164994854078486     
  0.164187877487845     
 -0.539864445194872     
 -0.514849660464229     
  2.168510424503833E-002
  3.603229874174374E-002
  3.454483587030011E-002
 -0.148997134601084     
  0.187298879321228     
 -0.411100328989619     
 -0.440377747694870     
  1.863562559192389E-002
  4.707264012035384E-002
  2.935944674282154E-002
 -0.138536079082884     
  0.184297632131459     
 -0.467269580689638     
 -0.397167592379700     
  2.594094483429665E-002
  5.348152685539243E-002
  3.300883963084511E-002
 -0.145358713223980     
  0.132602896333159     
 -0.497159661428956     
 -0.547096186579267     
  2.899331379614434E-002
  3.487408024482352E-002
  2.911870671853845E-002
 -0.140120892534480     
  0.150593087782748     
 -0.510973523070866     
 -0.552488849589828     
  3.183221457727448E-002
  2.884094737227227E-002
  2.101112213608614E-002
 -0.119656940476672     
  0.172793131813805     
 -0.526140653397796     
 -0.447603265760719     
  2.457117196041758E-002
  3.900204896261350E-002
  4.714782622534364E-002
 -0.167553913785061     
  0.151003501341346     
 -0.507659857278585     
 -0.548053496152135     
  4.105846456027396E-002
  1.781690149261994E-002
  2.711264753766274E-002
 -0.173835836537540     
  0.156478013751499     
 -0.467579883476941     
 -0.503001490185045     
  1.984643434092304E-002
  2.777662373607170E-002
  2.540566452318838E-002
 -0.141957044429261     
  0.163141602081176     
 -0.438537835505074     
 -0.540807042928445     
  3.392442664935369E-002
  4.451637953295307E-002
  3.224667268787607E-002
 -0.178666232354271     
  0.173313282703791     
 -0.511930120721051     
 -0.515040364495478     
  2.520468732926651E-002
  1.814720527343172E-002
  1.472635126277044E-002
 -0.170544282056029     
  0.142629201452894     
 -0.530816475015544     
 -0.512617151328949     
  2.386231003069073E-002
  3.011233527749457E-002
  3.556055738315655E-002
 -0.137311621393124     
  0.175747630018419     
 -0.425000715655168     
 -0.525791139381456     
  4.388684692702605E-002
  2.291610277344835E-002
  2.187279363466932E-002
 -0.146642481458422     
  0.152009446702192     
 -0.429444449839611     
 -0.422080575375282     
  3.227091116083591E-002
  4.633477666329977E-002
  4.554254972550109E-002
 -0.136112215684339     
  0.167643559730246     
 -0.403568797034654     
 -0.547132543896872     
  2.524465454033253E-002
  6.138508928628683E-002
  4.003409436847105E-002
 -0.142983539855515     
  0.131079472770863     
 -0.518354320341040     
 -0.528920816319356     
  2.359199865034933E-002
  3.737692771531076E-002
  1.384983112650007E-002
 -0.159365530263475     
  0.158662212077566     
 -0.491323200953619     
 -0.552656035132466     
  2.069375196646062E-002
  2.914826786930491E-002
  2.723392058646334E-002
  2.956387205528044E-002
  9.607136775648062E-002
  5.473004817527161E-002
  6.510007562517706E-002
  6.978341603921434E-002
  9.697513505415145E-003
  7.502161864738921E-002
  5.317151663508024E-002
  5.721232664233988E-002
  3.272412004055614E-002
  6.364889973195931E-002
  5.955745822577674E-002
  6.762193871265454E-002
  4.583158813584021E-002
  4.793302629710594E-002
  6.742657615906977E-002
  3.440928250430852E-002
  2.331862357360892E-002
  4.565228195688720E-002
 -0.191073567310822     
  0.160379846583914     
  3.874692380750666E-002
  9.679487606648518E-002
  6.301279801530957E-002
  7.505387758892335E-002
  6.193211582609515E-002
 -1.154384264471275E-002
  6.875527861770692E-002
  5.081432543619735E-002
  6.406385086643296E-002
  2.790868043054884E-002
  5.785428646136048E-002
  8.157262629334361E-002
  5.912596987640617E-002
  3.511341868074691E-002
  4.103470053459335E-002
  5.991990984715789E-002
  1.776906385588406E-002
  5.285686470985673E-002
  3.186003608556220E-002
 -0.283312818085349     
  0.160707180332170     
  3.693128948777558E-002
  8.463373816993780E-002
  7.340978822933319E-002
  6.384157674821789E-002
  7.573149403055057E-002
  1.683957000905156E-002
  7.641593733409391E-002
  7.919717950476290E-002
  3.929922317281176E-002
  3.473976351039498E-002
  4.233042080507732E-002
  6.786089507442794E-002
  7.290826753328217E-002
  2.665573813267086E-002
  4.979696956485902E-002
  4.466844054871499E-002
  2.082896672912105E-002
  4.440310497605349E-002
  3.806201764108808E-002
 -0.325919457130400     
  0.148225702277339     
  3.262384338652602E-002
  7.089206863011110E-002
  6.874907302063271E-002
  6.569577414253691E-002
  5.611304636711389E-002
  8.930284271913003E-004
  6.614773031606602E-002
  5.521820351080819E-002
  5.057453941539281E-002
  3.990256109341894E-002
  7.569057662830925E-002
  6.369867175482979E-002
  6.466779233946218E-002
  3.760993461918316E-002
  2.558101040908989E-002
  5.494980453158649E-002
  1.971092149201636E-002
  3.426629300707140E-002
  3.915500032175567E-002
 -0.343113181370828     
  0.154894882672161     
  6.354075475671017E-003
  0.104206728610603     
  4.189700640408656E-002
  8.215899454790199E-002
  5.292320072730072E-002
  3.513558087325830E-002
  5.894493737443218E-002
  6.625566582933151E-002
  5.930262967259881E-002
  1.555003628729379E-002
  5.079621820764324E-002
  8.077042521069933E-002
  5.832736417058060E-002
  3.950870688566210E-002
  6.141078538003608E-002
  6.738013204263615E-002
 -4.691346417273756E-003
  1.494617265880327E-002
  2.975890580221652E-002
 -0.396543043645857     
  0.152618608603025     
  1.453719520047736E-002
  8.894827019785367E-002
  7.437054546422639E-002
  5.591950926800093E-002
  6.051676081241986E-002
  1.968192713226280E-002
  7.897681332780160E-002
  6.115350066122571E-002
  5.130694983307871E-002
  2.292145648651500E-002
  5.995388836630089E-002
  3.167213074119479E-002
  7.452426154617597E-002
  4.706854725768839E-002
  7.646561943204078E-002
  5.357451326784490E-002
  1.847286123235037E-002
  4.011804646520534E-002
  2.678337092541061E-002
 -0.292910448785581     
  0.148762226956961     
  5.965574053254485E-003
  0.101021678186497     
  4.467753782282169E-002
  8.045347469539943E-002
  5.047985504946606E-002
  5.157142807052084E-002
  5.273423481542261E-002
  6.924829264518817E-002
  6.838357978365950E-002
  2.707919522151458E-002
  7.176765152363562E-002
  5.154313647488951E-002
  6.777691594603208E-002
  2.871120896233403E-002
  5.603615995430289E-002
  5.152537973716320E-002
  4.210004629135033E-002
  5.185711623463551E-002
  3.628106208540682E-002
 -0.189590142501939     
  0.164204635050450     
  2.731214507275448E-002
  8.638096559974073E-002
  7.517259583383606E-002
  5.062330053273911E-002
  7.959574556361404E-002
  1.463564769010084E-002
  5.651315721381378E-002
  5.386279983617304E-002
  6.360569988340647E-002
  1.787727946508832E-002
  6.560762967104383E-002
  4.234818840705423E-002
  6.813678783813382E-002
  1.521122745960790E-002
  4.934476669081067E-002
  2.824794866072911E-002
  2.691292064961592E-002
  5.115486361860766E-002
  5.992541931051165E-002
 -0.252331217936200     
  0.167030039698930     
  1.288795383158536E-002
  8.767054413772879E-002
  4.032164017399109E-002
  7.313375559183166E-002
  6.608406780317932E-002
  2.622477704053505E-002
  6.465545790017446E-002
  6.057485477967317E-002
  6.866919183966391E-002
  3.213997694566961E-002
  7.320044279170557E-002
  5.946328873431739E-002
  4.658056195553473E-002
  2.069157112102582E-002
  5.656870525181101E-002
  6.789370538113271E-002
  8.719157264199140E-003
  3.521819714987640E-002
  4.470914544979343E-002
 -0.258527422045953     
  0.154325969693791     
  3.329729830316230E-002
  0.100407395885182     
  6.229664815288849E-002
  6.054300192846029E-002
  6.986154410929446E-002
  8.085918127509917E-003
  4.864411307768335E-002
  6.467806219721706E-002
  7.042476347388316E-002
  1.249117313357173E-002
  9.196077180567053E-002
  6.306691439751111E-002
  5.543769344165639E-002
  5.434521718811380E-002
  5.873842950649966E-002
  5.345160164647900E-002
  6.821211767160662E-004
  2.997529549597844E-002
  2.466527128140206E-002
 -0.300102047633913     
  0.153287422547481     
 -1.190999320485009E-002
  0.104867361094020     
  6.828493895788468E-002
  3.238190787711115E-002
  8.464311208010811E-002
  1.030585694017994E-002
  6.943435681272869E-002
  6.856338341143797E-002
  6.254396770364745E-002
  3.830509698112206E-002
  6.247567112361341E-002
  6.677870162543798E-002
  7.986100845368727E-002
  4.689398369009101E-002
  5.215022220258569E-002
  6.949627011924697E-002
  2.699286902800635E-002
  5.175596887183731E-002
  4.320454637187499E-002
 -0.198452922083435     
  0.157617200629381     
  3.283472962417422E-002
  9.803273999321682E-002
  6.576667777138434E-002
  8.035350318610324E-002
  5.439194600784980E-002
  2.856706451556068E-002
  4.779851312732208E-002
  5.282954272713192E-002
  9.013797835714910E-002
  4.810514142197020E-002
  5.688835026132522E-002
  7.754366774130739E-002
  6.998341879417558E-002
  3.856320534657343E-002
  4.590603003712868E-002
  2.797843366134656E-002
  5.044031823792894E-002
  4.466797498591379E-002
  1.779148122417640E-002
 -0.215006038037968     
  0.148556392128223     
  8.878361448219518E-003
  8.067872027171674E-002
  7.135889649189209E-002
  6.043346897171176E-002
  6.357931136177031E-002
  1.737641036873505E-002
  7.510208028294219E-002
  7.448443624052203E-002
  5.535006878154625E-002
  3.715916407178987E-002
  6.877165375457639E-002
  7.469676188825025E-002
  5.437228070444755E-002
  5.789973794616676E-002
  6.053215233464904E-002
  4.738745828132651E-002
  3.355476572034366E-002
  4.484848912971062E-002
  3.162114569314756E-002
 -0.204237572542413     
  0.168242108282877     
  2.806888544332997E-002
  8.563787717858151E-002
  6.359718118916124E-002
  5.362093549301616E-002
  8.003857697064209E-002
  2.038995173707780E-002
  8.041097029566768E-002
  2.537439346656467E-002
  5.874310858641663E-002
  4.014495046764965E-002
  8.854647979682873E-002
  5.487429076196226E-002
  6.764145997820492E-002
  3.481070761184624E-002
  6.470045412668013E-002
  5.113098747476941E-002
  1.598618857538048E-002
  2.384482759136564E-002
  3.301370347951715E-002
 -0.293341205224070     
  0.155254816015972     
  3.188189019733256E-002
  7.805814525212096E-002
  6.966224555651990E-002
  8.043497875095074E-002
  6.581197612844725E-002
 -5.227629592544858E-003
  7.160591495280422E-002
  3.892966007662724E-002
  7.237655482279559E-002
  2.065889628965101E-002
  7.740442399943004E-002
  4.719092592462426E-002
  6.801741555379537E-002
  5.747846843693427E-002
  7.718099993672289E-002
  6.056979720521127E-002
  6.808419224551887E-003
  4.338724566290075E-002
  2.831930658233095E-002
 -0.319671450946351     
  0.155430419191499     
  2.017890496585428E-002
  9.338601802146673E-002
  5.307194348792266E-002
  6.924077511273696E-002
  7.331505431917484E-002
  2.547235591204977E-002
  7.413023737814195E-002
  6.753212137099662E-002
  7.620448887728937E-002
  8.242047066588931E-003
  5.992286518732737E-002
  7.254217898452475E-002
  3.876355171917800E-002
  3.212138019188115E-002
  4.511884277389389E-002
  5.374730076966494E-002
  3.095730055882306E-002
  5.606022079604556E-002
  5.231208037811652E-002
 -0.180908543529658     
  0.156926024282432     
  1.089379338280816E-002
  8.693923381041380E-002
  6.444919180047382E-002
  6.183182379773366E-002
  4.218927643609516E-002
  2.631725082177372E-002
  6.958182008814484E-002
  6.680721779537224E-002
  5.520954127174960E-002
  2.715327801753542E-003
  4.556731530635438E-002
  6.762934404620891E-002
  6.145414076955402E-002
  3.551277928359697E-002
  5.137766159816892E-002
  4.169404165414792E-002
  1.931305208476353E-002
  4.589369655316389E-002
  5.356410541085765E-002
 -0.292337664555646     
  0.156475904187101     
  3.230884793684075E-002
  8.051451599818904E-002
  6.644950811903982E-002
  7.166211993433291E-002
  6.391799182748259E-002
  3.450741661618029E-002
  7.534592084561820E-002
  5.838140251363688E-002
  5.678748721639137E-002
  1.052239094022989E-002
  5.015240179154934E-002
  5.359486242820699E-002
  5.588231801339405E-002
  6.381508527492530E-002
  6.868661051885538E-002
  7.059500450485334E-002
  1.922202596213829E-002
  3.986824138533274E-002
  3.377427170490999E-002
 -0.309648644606442     
  0.156442779112703     
 -7.412834798118162E-003
  0.106138329246748     
  5.683381545922273E-002
  6.053457417555141E-002
  4.570150298556530E-002
  5.307774911763063E-002
  6.859583138999570E-002
  6.902074127668423E-002
  7.238385802279323E-002
  2.905612959656256E-002
  6.560965128272100E-002
  6.587201344873861E-002
  7.145853855622875E-002
  1.212122029869134E-002
  6.753409741337280E-002
  6.261278633852774E-002
  2.007956365773467E-002
  1.324557091699430E-002
  5.528945922252293E-002
 -0.331052962396365     
  0.161291120822446     
  2.889355349311851E-002
  0.100871323467811     
  6.794984129563331E-002
  7.821390160584130E-002
  6.144192649679270E-002
 -4.503815751528251E-003
  4.197867014072076E-002
  6.702419917167601E-002
  6.182352209150643E-002
  3.580667441690721E-003
  6.161744176496886E-002
  6.081038741454081E-002
  6.554434273888132E-002
  3.135301318194639E-002
  5.173816871010306E-002
  6.091100945520256E-002
  4.201856454653941E-002
  1.222422003819623E-002
  4.471292411472294E-002
 -0.271752549127791     
  0.164518090579442     
  3.818809039213411E-002
  8.191082559353280E-002
  8.216087445682085E-002
  5.044359417529598E-002
  5.264509074833190E-002
 -1.766409655115986E-003
  6.428151610442712E-002
  7.611753266431454E-002
  6.911567501157356E-002
  5.980864694256738E-003
  5.913444622743880E-002
  6.815296272372173E-002
  3.688736252814062E-002
  8.037514472182039E-002
  6.356283001234242E-002
  7.973862370038287E-002
  3.321063026063564E-002
  8.900949496140620E-003
  2.748957828924381E-002
 -0.171872757089356     
  0.157245008997719     
  1.717560908446680E-002
  0.101531522145506     
  6.434164374921314E-002
  5.127010497276385E-002
  6.308104995733899E-002
  2.410890533008070E-002
  6.333352640915424E-002
  7.680086816524945E-002
  6.871835327162745E-002
  2.929989892599139E-002
  6.360075358352035E-002
  5.863481033204743E-002
  5.967038295577609E-002
  2.514047835189448E-002
  4.395955726157230E-002
  5.704403288076332E-002
  2.674413161874245E-002
  4.237851736428055E-002
  3.818386769403148E-002
 -0.267066849252879     
  0.162302338673796     
  1.753230538694250E-002
  9.023405144190466E-002
  5.597825823801283E-002
  7.690424345639457E-002
  8.170580862561272E-002
  4.624864204823442E-003
  7.788295191459627E-002
  5.529824621767065E-002
  7.013229651213437E-002
  5.681293017363309E-003
  5.533755250396066E-002
  6.191760913919664E-002
  5.593571308323741E-002
  3.971253048288137E-002
  6.031979589977821E-002
  4.159117612906049E-002
  4.247453681264357E-002
  4.291995325382625E-002
 -8.296279186377875E-003
 -0.298726431558858     
  0.151479451868289     
  2.471686789245942E-002
  7.027921294038819E-002
  5.227852988814563E-002
  6.698859622402797E-002
  4.450977393103883E-002
  4.927322121617506E-002
  4.633979488493356E-002
  7.167432893155179E-002
  7.182024607882143E-002
  3.344766684584721E-002
  8.212319626432618E-002
  5.791763412237172E-002
  5.061454316763481E-002
  3.092514211517106E-002
  6.684436855066456E-002
  5.442338117240508E-002
  1.588421409284946E-002
  5.499529326855290E-002
  9.165623484316154E-003
 -0.286587009372035     
  0.161606368005762     
  2.963719334069692E-002
  0.101803022440533     
  5.863532189207721E-002
  8.589875402280156E-002
  5.885802310586175E-002
  3.486409982932770E-002
  6.949897090569168E-002
  4.215751114324817E-002
  6.979484767575261E-002
  9.451390596773468E-003
  5.917224593276649E-002
  6.002352575824521E-002
  6.359174362776898E-002
  2.686071205149831E-002
  5.922821985501847E-002
  4.067363206292007E-002
  1.212722214429451E-002
  5.025899446154658E-002
  1.683818446121410E-002
 -0.304201175968033     
  0.161869876604375     
  2.237777508852057E-002
  0.131505475601379     
  3.809044683971563E-002
  6.299940361668321E-002
  8.661150730363243E-002
  2.283349458192019E-002
  7.229703538336218E-002
  5.091560202790113E-002
  5.402107704742498E-002
  8.301778489492762E-003
  3.931091985952384E-002
  7.427859898916656E-002
  7.562505570496236E-002
  3.560076125955147E-002
  7.229547331643749E-002
  6.924966381746944E-002
  1.808656124773256E-002
  1.453805510798090E-002
  6.201530451113901E-002
 -0.192658727716428     
  0.158786447033682     
  4.055091991718385E-002
  7.580526593149539E-002
  6.604022212190852E-002
  3.554590941597036E-002
  8.037249073469277E-002
  1.883588510233514E-002
  7.615539587012587E-002
  5.571784996223961E-002
  6.279911600437615E-002
  2.233161037226639E-002
  6.094744280287689E-002
  6.980436045373783E-002
  7.740445401739215E-002
  1.213839021399199E-002
  4.214659468792370E-002
  4.575424370742132E-002
  2.223485626000077E-002
  5.674914965067224E-002
  3.316257218324925E-002
 -0.294999901714553     
  0.172095704537419     
 -0.107849703396065     
 -0.227455547653689     
  3.552072663768191E-002
  7.092993876854703E-002
  5.973669802790582E-002
 -0.206751395540077     
  2.899257912843822E-002
  3.565404766391367E-002
  2.656424657032719E-002
 -0.165438619076338     
  3.665043348378927E-002
  4.748105242576472E-002
  6.416984837481510E-002
 -0.284974298445753     
  2.226481370556821E-002
  4.310887550931308E-002
 -2.665954501046564E-003
  3.500124257956960E-002
  2.912306338952453E-002
 -0.207174021652719     
  0.176328949862263     
  3.478935923681137E-002
  0.105588171965990     
  6.410171199448789E-002
  8.468276625624038E-002
  5.855217189886974E-002
  1.047370107658496E-002
  4.956605569623695E-002
  7.381750745981730E-002
  7.550024367649910E-002
  1.094734706860478E-002
  7.059984651548201E-002
  4.264040206899034E-002
  6.506773623662865E-002
  1.610393764826190E-002
  5.443195643231469E-002
  5.910653124620635E-002
  3.225665305031811E-002
  2.615897593476424E-002
  3.172905347915167E-002
 -0.266630714071588     
  0.162123248017429     
  2.133957718793544E-002
  4.709986351288364E-002
  6.297576735828392E-002
  5.397298579963505E-002
  6.827664452867066E-002
 -1.161648421034656E-002
  7.679736745458476E-002
  5.468945618310395E-002
  3.874862073972762E-002
  2.445981955666854E-002
  4.139946412814488E-002
  6.329082542969300E-002
  7.221177419281732E-002
 -5.834108429625395E-003
  5.565948498785633E-002
  5.701423183451604E-002
  1.647411556454781E-002
  6.398144710955544E-002
  2.530068120575324E-002
 -0.191877672693700     
  0.156738095109414     
  3.922716226214540E-002
  8.182287490161233E-002
  6.996095661642643E-002
  7.095026648413449E-002
  5.778375203909891E-002
  1.038275158732516E-002
  3.162361779024392E-002
  8.488119326702248E-002
  6.131746082232825E-002
  3.386148283981028E-002
  6.802205973755437E-002
  5.791050908634499E-002
  8.182102800390700E-002
  4.722198221340834E-002
  4.854963157125813E-002
  5.585543689446781E-002
  1.768807413823970E-002
  3.345513932555744E-002
  2.340420780593211E-002
 -0.324931716515657     
  0.157609107574618     
  3.904486602176327E-002
  8.297034239315426E-002
  5.577085708208351E-002
  5.984201518830856E-002
  7.619585100144177E-002
  2.111342632416502E-002
  9.341330803267756E-002
  4.955854558088413E-002
  7.042248788734573E-002
  3.562996449361577E-002
  5.665005060911121E-002
  6.322318543841310E-002
  6.813454897743099E-002
  3.824937990609012E-002
  6.550876275502049E-002
  6.447443024867194E-002
  1.698724674248808E-002
  4.208525048391853E-002
  3.686645908240349E-002
 -0.210442115423617     
  0.151440498354766     
  2.244718781567423E-002
  9.833725599736454E-002
  5.863738612467717E-002
  7.405803203141792E-002
  3.645643489137007E-002
  2.531185549882764E-002
  4.954497032900851E-002
  7.354259491779547E-002
  6.088228975930710E-002
  3.752590208153084E-002
  5.511817994696733E-002
  5.858897206793856E-002
  8.219884271966904E-002
  2.056657663443584E-002
  5.157724747938364E-002
  6.033171324629050E-002
  8.096346177659086E-003
  2.254449943206993E-002
  3.780212330680255E-002
 -0.330614081749522     
  0.151485095328272     
  2.721257696835755E-002
  9.073632725834813E-002
  7.127252852183519E-002
  7.210101899288179E-002
  5.164339697064668E-002
  1.986668521391000E-002
  7.853354513108823E-002
  5.788155671804762E-002
  5.809270301816627E-002
  3.651020346849609E-003
  6.272141469644943E-002
  5.662018734023055E-002
  7.062098715777565E-002
  2.571253755051162E-002
  7.419544547103929E-002
  5.189320855835566E-002
  4.665403733573914E-002
  4.728208305709558E-002
  5.130180802055317E-002
 -0.189098906577060     
  0.154864329971176     
  7.728244447191557E-003
  0.109002051990239     
  7.823352155308205E-002
  3.272370346027953E-002
  6.755458503966538E-002
  4.618071633239351E-002
  6.302518870633012E-002
  6.871103061179473E-002
  6.826993055105068E-002
  2.181819858502054E-002
  5.164381005250440E-002
  9.280641639317366E-002
  5.210450570096814E-002
  1.252406206082668E-002
  5.399343450684924E-002
  2.904102722990076E-002
  2.922703711809582E-002
  2.902210245299830E-002
  4.271895049966401E-002
 -0.261620122360104     
  0.164156801631762     
  2.989742157159059E-002
  8.289808404906029E-002
  8.076926713897592E-002
  6.622171871854965E-002
  5.927502908580717E-002
  2.854159517489618E-002
  7.547284963820233E-002
  6.177805462890895E-002
  6.729976792343673E-002
  8.846956219118685E-003
  7.415542363344740E-002
  5.176824091451970E-002
  5.364619851599184E-002
  2.553674320336174E-002
  4.635344823033938E-002
  4.348094879396258E-002
  1.992903594403295E-003
  4.961055521846303E-002
  5.688489672399044E-002
 -0.270376795076748     
  0.151194831732985     
  1.613845596034746E-002
  9.062312895870583E-002
  5.293306380883300E-002
  7.888757999948637E-002
  6.110902402382401E-002
  2.325875428746382E-002
  6.973160714652626E-002
  7.839750046273086E-002
  4.742974458059812E-002
  2.300989675041931E-002
  8.179831262403670E-002
  3.317602251590668E-002
  7.477884121511957E-002
  4.651549581882986E-002
  5.555381905237211E-002
  2.752373822103193E-002
  2.015526817047242E-002
  4.495044974684825E-002
  4.810848156206438E-002
 -0.359169033900522     
  0.159904479775046     
  1.873119765770070E-002
  9.657043012122113E-002
  4.668294070858225E-002
  5.242597021568141E-002
  6.988314574701282E-002
  2.276712116205637E-002
  6.074394190005550E-002
  5.958679170703318E-002
  7.114388272347250E-002
  4.101856461188191E-002
  8.458941877429094E-002
  5.543091636928610E-002
  5.272022599256931E-002
  1.508864974357005E-002
  5.949496052849979E-002
  4.875875299974841E-002
  2.917008301079571E-002
  2.716868776939341E-002
  4.049960568350974E-002
 -0.240139926368031     
  0.165496081196976     
  1.656730895256775E-002
  7.648360443513358E-002
  7.077197533737201E-002
  7.359394153182419E-002
  5.840772241583236E-002
 -5.585258531723980E-004
  5.225338709847116E-002
  6.096952290030189E-002
  6.396554956020262E-002
  3.074373669046881E-002
  5.495932532795578E-002
  6.351119648435644E-002
  7.576053677453809E-002
  3.179334410281287E-002
  6.041933122149556E-002
  4.374696966940295E-002
  1.779681465133276E-002
  4.366427942577977E-002
  6.215262589328652E-002
 -0.313980102079669     
  0.151162347884634     
  1.020378989364623E-002
  8.732663262258011E-002
  4.782659763962993E-002
  7.432653230990416E-002
  6.535610023289307E-002
  3.038767269376885E-002
  9.152262994168670E-002
  6.667701804753623E-002
  4.697235262525656E-002
  8.972259373599911E-003
  5.149729565064554E-002
  3.771008678276044E-002
  7.072265796943267E-002
  2.054636580602720E-002
  4.976282196614901E-002
  4.037631396529606E-002
  5.462423681565598E-002
  3.752594028921119E-002
  2.733980770397504E-002
 -0.286308458654521     
  0.163784783182571     
  1.169566175081327E-002
  8.046180717651108E-002
  6.855810363925630E-002
  4.597476753159035E-002
  6.698712204881418E-002
  2.367993966846704E-002
  3.967057384318484E-002
  7.839540681314172E-002
  7.186995597225021E-002
  3.969811606973783E-002
  7.473487602204121E-002
  5.767067740920329E-002
  7.410578821950053E-002
  6.249705211891943E-002
  4.365416666361521E-002
  5.402042602103097E-002
  4.005689251728795E-002
 -8.808340945689830E-003
  1.427087173725228E-002
 -0.316040639990137     
  0.157566071478085     
  2.884326736742882E-002
  9.750835735861152E-002
  6.153465891890786E-002
  6.534942225493146E-002
  5.930800998338559E-002
  2.027001460233313E-002
  5.887715249983771E-002
  6.521682061374934E-002
  6.334630652386775E-002
  1.344572125862697E-003
  6.376819464960848E-002
  4.839306312044545E-002
  6.853123462348143E-002
  8.858872648732419E-003
  5.372603394679931E-002
  4.578690695187071E-002
  7.965850756824544E-003
  5.011094827946694E-002
  4.252856927405579E-002
 -0.359087671177853     
  0.151611511956363     
  6.949149711224845E-003
  9.675614786711595E-002
  6.067175892302801E-002
  4.703777480997784E-002
  6.607672419945032E-002
  2.941750632384332E-002
  6.940022079314156E-002
  5.311816310657647E-002
  6.812632649523886E-002
  1.481224298771400E-002
  6.783993389463683E-002
  7.104785638436972E-002
  5.309737550652160E-002
  8.522262696481464E-002
  9.000577857083869E-002
  5.272553648556377E-002
 -3.975534421190474E-003
  4.833100157717674E-002
  3.871719479315749E-002
 -0.313510303847572     
  0.146106658781330     
 -4.027866333244923E-003
  0.116297418972269     
  5.350859743640557E-002
  4.861206208720648E-002
  4.465199024465127E-002
  2.809138211457718E-002
  8.138366289516830E-002
  5.420323917563996E-002
  5.194499288146093E-002
  5.513293306756584E-002
  6.149661187870836E-002
  8.487502552643456E-002
  5.916988988070537E-002
  1.193788379588900E-002
  4.918937805358603E-002
  5.835982322718103E-002
  2.069808242450177E-002
  8.211845503992565E-003
  4.396018534435731E-002
 -0.285552277715929     
  0.149385954791668     
  4.123711077565728E-002
  9.817279489701924E-002
  5.754835327545549E-002
  6.838243320038917E-002
  5.934588220356252E-002
  2.428187075848331E-002
  5.770124651371300E-002
  6.564580026921174E-002
  6.566718245212921E-002
  4.433807637052745E-002
  6.894167726846789E-002
  6.837315585291703E-002
  7.555658467727100E-002
  9.188603910355031E-003
  6.571894530107825E-002
  5.696780249725097E-002
  4.510941190396833E-002
  1.797281412518736E-002
  1.860707686734275E-002
 -0.207261002120146     
  0.164807688821065     
 -1.296255119915379E-002
  8.742337568881453E-002
  6.042628311857379E-002
  7.580955931978228E-002
  6.104129935107860E-002
  3.780929577325942E-002
  7.059948846796316E-002
  7.289879444997094E-002
  5.734103252509770E-002
  6.006262680233743E-003
  7.037500516261930E-002
  5.656248067666192E-002
  4.743525726089826E-002
  3.789977941930545E-002
  6.482203184571511E-002
  6.286576381231723E-002
  3.017757814304378E-002
  2.430075665241438E-002
  3.514494022312753E-002
 -0.292793354502071     
  0.170013445586380     
  3.484454260520264E-002
  8.410100375374086E-002
  6.430020418233362E-002
  4.704031184136148E-002
  5.947594179904270E-002
  1.821328011775236E-002
  7.271442946346807E-002
  8.839663010384435E-002
  5.327345755289992E-002
  1.215748741525058E-002
  5.957330359152413E-002
  6.880379739097453E-002
  6.880082415889310E-002
  1.232481793899787E-003
  6.599727986570625E-002
  5.524388085969778E-002
  2.185510302560534E-002
  3.337191004070517E-002
  2.869826178458301E-002
 -0.296004749414267     
  0.169588274463957     
  3.663192683610417E-002
  8.751983172106481E-002
  6.098569553510880E-002
  5.730171342147428E-002
  6.667043597754652E-002
  1.741428908088949E-002
  6.198411005695359E-002
  5.177503432760455E-002
  7.263979379767493E-002
  1.023402982628596E-002
  4.908718932365619E-002
  6.032641046326392E-002
  7.446620745110122E-002
 -2.490220975473889E-002
  5.660648125795387E-002
  6.010746027466374E-002
  1.760229703548211E-002
  5.512437840606210E-002
  4.657264451546583E-002
 -0.338613278572519     
  0.157483496792639     
  3.939709371606792E-002
  8.377427391727288E-002
  5.626127829536443E-002
  4.059374435987539E-002
  8.207716840380364E-002
  1.698227937440899E-002
  6.977430154673137E-002
  5.805940577167645E-002
  4.530164224213251E-002
  2.183039279704468E-002
  6.253244773998667E-002
  6.719051048646529E-002
  6.912730414398360E-002
  2.306553062114780E-002
  5.128840832511949E-002
  6.732189164516178E-002
  1.676517594101279E-002
  3.819123214505182E-002
  4.523147068107414E-002
 -0.313374328817719     
  0.154298421863139     
  2.722907894351545E-002
  0.103624725339496     
  5.885360804810891E-002
  6.066061985156701E-002
  7.669434321274071E-002
  3.632576010553557E-003
  6.291394535030459E-002
  5.946645276866602E-002
  6.211124912922794E-002
  2.624259103500304E-002
  4.668319840016044E-002
  7.110667896840195E-002
  6.734806208892519E-002
  2.646283452844367E-002
  5.446889822313750E-002
  4.721189386644098E-002
  3.171649262966847E-002
  1.025638768982839E-002
  4.446578833787262E-002
 -0.305674304307683     
  0.181938420522292     
  1.358768287334433E-002
  0.107421844285262     
  6.529086495908243E-002
  6.766165267371538E-002
  5.936734405984756E-002
  2.460037659734216E-002
  6.227926279447804E-002
  5.992464368772410E-002
  6.824718985505063E-002
  4.103959666141854E-003
  5.605400381038839E-002
  4.971793603465946E-002
  8.044189826969828E-002
  4.450962312228945E-002
  5.909082388488085E-002
  5.171029692151108E-002
  3.552940217987688E-002
  1.044018530363822E-002
  4.626616313963250E-002
 -0.255550802012250     
  0.154432161983813     
  7.582148254543508E-003
  0.102338022972910     
  7.154755175917649E-002
  5.952930794245448E-002
  6.838257439603590E-002
  3.216549669493363E-002
  6.069713339408711E-002
  7.045937397900204E-002
  6.052407287955297E-002
  1.012136079387194E-002
  6.362411534260093E-002
  5.375278916664117E-002
  6.101155525563040E-002
  6.423362367806273E-002
  7.080178687623606E-002
  5.121568938225896E-002
  2.367346333656295E-002
  3.807140449719959E-002
  3.000510775077558E-002
 -0.287397010949406     
  0.155509641619340     
  1.537183573050038E-002
  0.108690184787569     
  7.328804167062730E-002
  6.819064471468705E-002
  6.207744112077995E-002
  2.013434518355606E-002
  4.665989713379060E-002
  6.163145149771010E-002
  8.546092380468462E-002
  2.723590821294275E-002
  4.324954266399805E-002
  6.306226234942469E-002
  6.598886921441316E-002
  3.897167299921867E-002
  6.442924555507901E-002
  5.952792317463995E-002
  1.913227707654075E-002
  3.262587742030088E-002
  4.212000262267679E-002
 -0.270337002779238     
  0.169908349815776     
  1.412188338416565E-002
  0.104409754795676     
  6.941309064775758E-002
  6.488899595740782E-002
  4.043965966173446E-002
  2.470833813442885E-002
  6.344509291924960E-002
  6.530243716197837E-002
  6.216396961156012E-002
  9.630094740471051E-003
  5.923235461753351E-002
  6.644836100396256E-002
  5.977306766684665E-002
  3.350343264449496E-002
  4.930243983135130E-002
  5.086904388736690E-002
  2.928779579169483E-002
  4.616897533588549E-002
  2.824057317331052E-002
 -0.332182946431519     
  0.163154683928573     
  3.489588990504222E-002
  8.047749567335050E-002
  6.677403383962210E-002
  7.838163004948595E-002
  7.630745985958987E-002
  2.846511419046527E-002
  6.354752718118550E-002
  6.068250968451461E-002
  7.781091119228289E-002
  2.546353215565178E-002
  5.218395482790572E-002
  4.893169435457767E-002
  7.450085626067238E-002
  6.548036378300504E-002
  5.355106814534050E-002
  3.440175317306937E-002
  3.305689000537448E-002
  2.593161327178972E-002
  4.393481973383506E-002
 -0.192827133827397     
  0.153248041074276     
  1.807425470624135E-002
  8.055708792386529E-002
  6.656546978574396E-002
  3.576155001710613E-002
  8.274633625677319E-002
  4.006349201923687E-002
  6.782628669940238E-002
  7.500397048454222E-002
  5.496131327497689E-002
  1.648530654304103E-002
  7.505336242888272E-002
  6.716975624477040E-002
  4.761511366429305E-002
  4.799552031915510E-002
  2.716293041589490E-002
  5.597696101585581E-002
  2.596475721173652E-002
  8.357075042076412E-002
  3.618933346362785E-002
 -0.323680234852395     
  0.165986592368723     
  2.251028730515214E-002
  0.107831370673450     
  6.012755052823693E-002
  6.119960623953258E-002
  4.938736454675774E-002
  1.804902708787592E-002
  7.513755348211948E-002
  5.204318106540606E-002
  4.893979802505244E-002
  2.376012146462037E-002
  3.739640670779421E-002
  7.151175894371520E-002
  8.948927400162965E-002
  3.238643501511973E-002
  3.948570155936693E-002
  5.436813009077568E-002
  3.907018160571951E-002
  4.204390981415140E-002
  4.033865310679130E-002
 -0.232514583424308     
  0.162697673242325     
  2.540123541254236E-002
  0.106488575576366     
  6.708627862113881E-002
  7.781927831383340E-002
  4.095624667092934E-002
  1.772657227595031E-002
  7.835469677298201E-002
  3.214904040884736E-002
  7.278667379252601E-002
  3.355904174949842E-002
  7.807484487513672E-002
  6.917353017346595E-002
  5.013395824097100E-002
  5.674254054415373E-002
  7.334558882530295E-002
  4.042140759916313E-002
  1.730107832841599E-002
  2.098789802954093E-002
  5.512157912529803E-002
 -0.213356925818201     
  0.164619244718990     
  2.744961419131542E-002
  8.725587383098343E-002
  5.103991328121060E-002
  7.210163598076091E-002
  7.336030789134507E-002
  1.504039433437310E-002
  6.789099669143572E-002
  4.864838135778915E-002
  7.059112980458271E-002
  1.874253406746851E-002
  8.517830278906646E-002
  5.605204665692398E-002
  4.907361273636490E-002
  6.880841624981260E-002
  6.864817783127597E-002
  6.827837488445576E-002
  1.591788485352197E-002
  3.717981686683136E-002
  2.599738016390718E-002
 -0.319522920831000     
  0.153007140299958     
  6.723519838993663E-003
  9.685009418801283E-002
  6.953429905518060E-002
  8.243924483741982E-002
  1.653915233286640E-002
  4.246173211579807E-002
  4.258210350364089E-002
  8.726008536281815E-002
  6.688881753429576E-002
  1.656215448524545E-002
  6.305541089375777E-002
  5.988508775655110E-002
  7.604861912647431E-002
  5.974057658285803E-002
  5.363675648198529E-002
  6.439827505704299E-002
  9.531799575035027E-003
  4.485341824851430E-002
  3.628911294485293E-002
 -0.312133256627809     
  0.144422781531741     
  1.869775599162260E-002
  7.991802935694459E-002
  5.251716841203835E-002
  6.209377114906012E-002
  7.336176461391442E-002
  3.002433236912916E-002
  9.377429756834332E-002
  4.849906212112354E-002
  4.477392013626891E-002
  3.448984597669913E-002
  5.967233995496124E-002
  6.784160330256639E-002
  6.634078932928289E-002
  4.087080940825549E-002
  8.759338407842765E-002
  4.290664451255033E-002
  2.951079896141984E-002
  4.116453523256103E-002
  2.766365369051371E-002
 -0.193261592809659     
  0.160024599998278     
  3.462808150318075E-002
  9.759189210130703E-002
  6.702084296614352E-002
  6.386497228315435E-002
  5.760396780415677E-002
  1.419154538673650E-002
  3.954305056428653E-002
  5.735137465261098E-002
  7.817480680162270E-002
  1.811320247706716E-002
  4.620042631060362E-002
  8.549704446264261E-002
  4.942568849886886E-002
  3.131918604626449E-002
  5.462507679754858E-002
  6.799475154506829E-002
  1.566488520963860E-002
  2.140820592180903E-002
  4.082191576170224E-002
 -0.277736595420138     
  0.154543017184973     
  2.486405874315389E-002
  8.789551791996786E-002
  6.289063310233634E-002
  5.715775853294991E-002
  7.291196575854098E-002
  3.195201632152012E-002
  5.906234948956079E-002
  0.103479653185669     
  6.636153038242865E-002
  1.335642875135568E-002
  7.306442406209201E-002
  5.722215538261066E-002
  4.551084965793473E-002
  2.547476305556362E-002
  4.712305254154647E-002
  3.773976970914483E-002
  4.658735324620178E-002
  7.102565672411165E-002
  3.026954145947380E-002
 -0.199483575668854     
  0.168338020720864     
  1.426279447547518E-002
  0.105429861811712     
  6.432229466280626E-002
  5.177319686860959E-002
  7.773094330688257E-002
  3.520909972056074E-002
  5.694970012615685E-002
  7.475386588374733E-002
  6.485052019953907E-002
  1.628544323220371E-002
  4.493426345256590E-002
  5.339911435837286E-002
  7.331526603491589E-002
  4.903770791101492E-002
  7.344893733250646E-002
  2.931298417446848E-002
  4.740887174930819E-002
  2.313202950203763E-002
  6.451459850276398E-002
 -0.187961180869092     
  0.159402949980119     
  2.367612949791065E-002
  0.107387976878493     
  5.718806220356620E-002
  8.486385954706033E-002
  5.899166550545176E-002
  3.067866247277529E-002
  7.526453657202936E-002
  4.512787549451225E-002
  5.754295775054574E-002
  2.926916147532799E-002
  4.487572291820907E-002
  5.501107572652997E-002
  8.344241097659366E-002
  3.616677558727188E-002
  5.840807021161598E-002
  5.579987156462074E-002
  2.609658355850319E-002
  3.499281473922389E-002
  4.999116748015209E-002
 -0.187681509397670     
  0.153495044908283     
  1.658025186437850E-002
  0.113486276310319     
  5.467216279636999E-002
  5.524778188348667E-002
  5.319793936407946E-002
  8.160062597414974E-003
  7.202635380661793E-002
  6.637958071736272E-002
  4.889954135488661E-002
  5.578389787081850E-002
  7.469089326672940E-002
  6.103755790493581E-002
  5.479473711418881E-002
  1.485022599300656E-002
  6.036443719382945E-002
  3.340830148706941E-002
  4.384741818710980E-002
  6.151358958068798E-002
  4.372072482559675E-002
 -0.180963387428710     
  0.156486582484725     
  3.033812968373795E-004
  6.052440568139605E-002
  7.099570179846904E-002
  5.944241820760321E-002
  7.524918566722161E-002
  2.014094053989357E-002
  6.214735649512593E-002
  2.790849522388250E-002
  8.516533708072294E-002
  1.597016650841354E-002
  5.952771152028413E-002
  8.249749362015213E-002
  4.448110682335060E-002
  3.425427531071445E-003
  4.220993166823173E-002
  5.515219472981037E-002
  5.234882954654818E-002
  2.858996453705875E-002
  4.792631559654403E-002
 -0.160148210678926     
  0.169755849997790     
  5.220690635858283E-002
  8.553700543020426E-002
  8.974149764008632E-002
  5.541358569789034E-002
  6.481531001365437E-002
  2.215804396970888E-003
  6.057720896374064E-002
  5.086484556771520E-002
  6.232452096106644E-002
  1.894159047843846E-002
  5.857232409463686E-002
  5.917458486136018E-002
  6.055322054421641E-002
  5.256742249100599E-002
  6.432189319378279E-002
  5.678683078435010E-002
  2.117017949336830E-002
  6.379954046058700E-002
  3.886540055268051E-002
 -0.198442161760182     
  0.170009693728542     
  4.578052962360246E-002
  0.105216162194008     
  3.721276214555413E-002
  6.444192913531255E-002
  8.335700762274045E-002
  2.392789320115085E-002
  7.160076490524103E-002
  5.396086232953545E-002
  5.735252941320179E-002
  2.494537705124866E-002
  5.139741907965190E-002
  8.617364984045284E-002
  5.710535971934694E-002
  3.711463589324415E-002
  5.401253341088641E-002
  4.756668916453999E-002
  2.608980585203158E-002
  9.087169212342650E-003
  6.883064578102915E-002
 -0.191773698135627     
  0.160051666258351     
  2.538530104775161E-002
  0.100029316576236     
  5.193569480837568E-002
  5.446534718892737E-002
  7.553770428615181E-002
  1.783771075913521E-002
  6.108124644729374E-002
  5.919709390149341E-002
  6.585128803977414E-002
  3.224121995854112E-002
  6.016270861720696E-002
  6.756679431708845E-002
  5.782997865854289E-002
  3.070470226047295E-002
  5.428397860874168E-002
  6.066292515943073E-002
  1.418596710920195E-002
  4.404223128605889E-002
  5.355661176868232E-002
 -0.311575037743499     
  0.153866786665388     
  8.621245739719008E-003
  0.123811170979622     
  4.051363606596137E-002
  8.149765455683522E-002
  6.473528788593363E-002
  2.522229160809930E-002
  5.938404443113032E-002
  7.279849160521168E-002
  5.222905484264606E-002
  1.647399516453030E-002
  6.895845735314166E-002
  6.158920064076234E-002
  4.564502390742953E-002
  1.791951993629359E-002
  5.319676399987217E-002
  5.939199041019105E-002
  2.079907939302084E-002
  4.389969914778447E-002
  1.703966622276643E-002
 -0.271188543197962     
  0.150889922974175     
  1.053673776822217E-002
  9.316543580756687E-002
  6.622355576548766E-002
  6.653813608289405E-002
  3.753254774895021E-002
  3.287368260263834E-002
  6.382816703554217E-002
  6.125424968250737E-002
  7.360087515400282E-002
  2.542673916941984E-002
  6.926569749416989E-002
  6.455880632433697E-002
  5.581456607612478E-002
  3.716074568220451E-002
  5.031780751307313E-002
  5.857475649780253E-002
  3.987704709330409E-003
  2.791735745791268E-002
  5.722606108655959E-002
 -0.371163713966767     
  0.140497850058075     
